episode steps reward
0 5470.0869999999995 -475.6412933388671
1 5351.962 -463.06283035986854
2 5210.266 -446.8652467992576
3 5106.149 -435.60559074127633
4 5036.005 -428.30150226490167
5 4969.733000000001 -420.9767728427948
6 4921.768 -415.8618829446759
7 4817.732 -404.17853393113444
8 4641.463 -384.8454387079474
9 4570.276 -376.94728298437064
10 4499.139 -368.22960360909326
11 4456.243 -363.85522882560053
12 4420.175 -360.57273137436925
13 4368.835000000001 -354.9271683941334
14 4341.799000000001 -351.83278294391084
15 4285.881 -346.63190559726445
16 4274.524 -345.90808040603025
17 4269.306999999999 -345.08176148547295
18 4282.999999999999 -346.70396383853324
19 4258.9580000000005 -344.65290941190165
20 4150.178 -333.8156996887261
21 4162.8550000000005 -334.86507144100176
22 4148.068 -332.85706130188225
23 4094.6770000000006 -327.07505318935375
24 3963.0399999999995 -313.009636736179
25 3907.0919999999996 -306.64386821989456
26 3875.8619999999996 -303.08355444957544
27 3765.5409999999997 -292.1151713109888
28 3753.7580000000003 -291.31286856575196
29 3708.816 -286.15541355562993
30 3733.3559999999998 -288.60280944108797
31 3632.286 -277.5829360425275
32 3620.3990000000003 -277.5759426763436
33 3584.744 -274.042588733254
34 3697.2240000000006 -285.9558095356616
35 3712.1580000000004 -287.86736063408154
36 3680.0060000000003 -284.5838714311245
37 3644.9620000000004 -280.79007420926234
38 3614.3229999999994 -277.3460111285642
39 3601.2290000000003 -275.8416886611082
40 3626.458 -278.60301165714355
41 3636.942 -280.18861672217236
42 3574.249 -272.0535167240031
43 3597.234999999999 -274.2414525712155
44 3496.3880000000004 -263.57605382103446
45 3413.9739999999997 -254.42193753118627
46 3395.3189999999995 -252.1842738947833
47 3352.072 -247.3800577778814
48 3282.3369999999995 -239.99460829106283
49 3293.959 -241.3992543452577
50 3197.6410000000005 -231.10744386499817
51 3119.822 -223.20206607067067
52 3112.985 -223.04038536286401
53 3053.224 -216.55446172055653
54 3057.874 -217.59929213715458
55 3077.7819999999997 -219.5949205646722
56 3020.232 -213.76936497602665
57 3096.0209999999997 -221.79098378038356
58 3071.6440000000002 -219.28412197975848
59 2992.123 -210.87753757493783
60 2989.7160000000003 -210.5564700708068
61 2984.844 -209.50839928442355
62 2973.6740000000004 -208.4179971178111
63 2997.9170000000004 -211.1365828577957
64 2988.3700000000003 -209.81375850841997
65 3003.2050000000004 -211.77443678854493
66 2989.4350000000004 -210.37328622726076
67 2906.712 -201.77210626761183
68 2932.577 -204.40678337876557
69 2956.432 -206.77929142556485
70 2988.3199999999997 -209.88200209042537
71 2968.8360000000002 -208.27766231780225
72 2938.129999999999 -205.22298834957905
73 2909.8859999999995 -201.96703295465755
74 2855.202 -196.53208955359506
75 2813.766 -191.82782845180913
76 2814.094 -191.69856638139305
77 2841.9180000000006 -194.60139328146636
78 2824.9800000000005 -192.7688865990671
79 2768.7140000000004 -186.8421668599159
80 2684.659 -178.25285096980855
81 2679.2390000000005 -177.2612570851174
82 2716.065 -180.7270918180209
83 2738.733 -183.4219135749354
84 2776.1670000000004 -186.82992511542187
85 2784.202 -187.43459918799584
86 2735.791 -182.28256797583742
87 2674.022 -175.76366260619966
88 2626.325 -170.58671722532193
89 2664.432 -174.95466896175046
90 2681.312 -176.79449270899158
91 2701.323 -179.041722450116
92 2631.5 -171.83690124012423
93 2556.67 -163.68549127701635
94 2494.544 -157.28414385224937
95 2449.64 -152.8435926407632
96 2479.687 -156.01868761863824
97 2540.944 -161.919981967419
98 2565.4939999999997 -164.46545632210922
99 2540.898 -161.70819856580908
100 2526.347 -159.91330819023455
101 2577.177 -164.95813955005434
102 2585.343 -165.7958842242303
103 2593.415 -166.8459258254407
104 2585.76 -165.93770440755068
105 2648.147 -172.51132184017808
106 2596.839 -167.09881105337152
107 2549.353 -162.2974807708965
108 2505.433 -157.90869346387973
109 2466.7679999999996 -154.01897360784756
110 2459.787 -153.53201482152173
111 2441.1609999999996 -151.68849097238075
112 2385.4279999999994 -145.875872927821
113 2387.1229999999996 -146.08067482194537
114 2439.079 -151.79122638576985
115 2407.0550000000003 -148.61174692212245
116 2395.608 -147.48948342804212
117 2406.1400000000003 -148.81391322061796
118 2432.9120000000003 -151.57016467514887
119 2464.5800000000004 -154.8363464435057
120 2491.2490000000003 -157.80589410896715
121 2431.189 -151.50815923671072
122 2489.873 -157.45243103027673
123 2483.4890000000005 -156.999057237975
124 2431.9820000000004 -151.6677276789963
125 2398.3130000000006 -147.9712952855695
126 2424.0450000000005 -151.0158781575502
127 2406.691 -149.3476561357987
128 2374.125 -145.85172469936217
129 2355.3199999999997 -143.66110503183447
130 2317.538 -139.36785062130872
131 2287.321 -136.2793695964628
132 2277.335 -135.39932132825226
133 2263.5119999999997 -133.99677320416535
134 2250.636 -132.73758155341238
135 2249.933 -132.77178409385274
136 2262.5519999999997 -133.80719919776593
137 2248.048 -132.237003291597
138 2266.41 -134.39610940153244
139 2312.149 -139.33553420226085
140 2330.5330000000004 -141.59765938963443
141 2383.1649999999995 -147.14883762652642
142 2354.5469999999996 -144.22800165717786
143 2348.4709999999995 -143.3633973250306
144 2328.5209999999997 -141.09439666346586
145 2286.4119999999994 -136.90978536952886
146 2281.823 -136.3435274747085
147 2309.4379999999996 -139.01522842659125
148 2305.5909999999994 -138.57802246599073
149 2223.964 -129.94011648187006
150 2175.5229999999997 -124.76972229904773
151 2135.8019999999997 -120.59904935484602
152 2126.25 -119.51142635374306
153 2160.8630000000003 -123.18184542793833
154 2200.78 -127.1657561255206
155 2207.389 -127.58701937916237
156 2201.6259999999997 -126.91774022221205
157 2145.648 -121.26887021464825
158 2158.9119999999994 -122.4140686506933
159 2193.098 -125.9958362735553
160 2184.3679999999995 -125.28633665302159
161 2180.355 -124.88142195764601
162 2167.439 -123.52331559900782
163 2160.899 -122.90651885521454
164 2136.995 -120.67605914753759
165 2177.1050000000005 -124.73879051741463
166 2213.8869999999997 -128.55595287961154
167 2229.996 -130.25459837962225
168 2221.318 -129.4885905386495
169 2194.0370000000003 -126.74732808640033
170 2211.066 -128.3941901800519
171 2177.4570000000003 -124.82375162258745
172 2204.3210000000004 -127.72591416232358
173 2186.481 -125.76230331232595
174 2192.299 -126.5211369430497
175 2164.743 -123.89163251108803
176 2109.124 -118.08833311095968
177 2107.7850000000003 -118.06584620053259
178 2089.447 -116.26819134727172
179 2095.1200000000003 -116.93299944278215
180 2086.5400000000004 -115.86800562646093
181 2112.201 -118.69776376559193
182 2114.8309999999997 -118.8553670342034
183 2095.943 -116.84931256142656
184 2049.7529999999997 -112.1835943778508
185 2048.9300000000003 -112.03020864516104
186 2055.3650000000002 -112.97481941541598
187 2042.7 -111.46823654980172
188 2026.479 -109.76380272575179
189 2009.4500000000003 -107.96437553762169
190 2028.58 -109.97270346919974
191 2005.6440000000002 -107.95344973954514
192 1949.934 -102.42815594847625
193 1983.364 -106.0709936389461
194 1983.0639999999999 -105.91509256150498
195 1996.3149999999998 -107.33681205785328
196 2018.229 -109.78447213948513
197 2029.557 -111.21696172274964
198 2077.2939999999994 -115.96127565229112
199 2122.3630000000003 -120.61674561020705
200 2124.6220000000003 -121.07216185840215
201 2168.987 -125.51964208814363
202 2163.077 -125.16577778431335
203 2124.382 -121.47387319694865
204 2136.098 -122.60246269133043
205 2143.8059999999996 -123.38703889517532
206 2102.6639999999998 -119.00400870298131
207 2122.958 -120.9572782405744
208 2073.6220000000003 -116.20430274624714
209 2029.4370000000004 -111.7404128274898
210 2006.601 -109.1810659563171
211 1971.334 -105.27781003618331
212 2010.637 -109.11090092119396
213 2018.6510000000003 -109.8155022395428
214 2011.6119999999999 -109.52447480191174
215 2008.4919999999997 -109.20338811113614
216 2016.3219999999997 -109.92772847703525
217 1978.577 -106.20190798127251
218 2002.5309999999997 -108.66176882229138
219 1999.962 -108.23029394410366
220 2019.636 -110.39771490644141
221 2023.923 -110.6964542368075
222 2016.1060000000002 -109.79667184282835
223 2024.605 -110.3160596920878
224 2077.946 -115.14682823879858
225 2066.4759999999997 -113.9777769711009
226 2067.39 -114.19219119134728
227 2076.389 -115.03421797181583
228 2071.069 -114.39400805300541
229 2113.866 -118.7436779461098
230 2072.3660000000004 -114.57793615777109
231 2065.325 -114.0118367127458
232 2063.34 -113.80584490243393
233 2016.4609999999998 -108.96452565132066
234 1980.783 -105.43393376446973
235 1953.105 -102.67507880750694
236 1966.896 -103.86621102388764
237 1935.9560000000001 -100.8988515588864
238 1914.893 -98.63308367876176
239 1859.4720000000002 -93.19502126747724
240 1891.557 -96.35610350309244
241 1908.9299999999998 -98.0320351848234
242 1916.65 -98.62205275344206
243 1917.0729999999999 -98.79564835909196
244 1921.6259999999997 -99.51307812105733
245 1909.946 -98.25843338417529
246 1902.0399999999997 -97.58802136549303
247 1897.8349999999998 -96.93575911108995
248 1909.0530000000003 -98.0567675785828
249 1938.7890000000002 -100.89850480358785
250 1907.0210000000002 -97.62402007200382
251 1878.816 -94.81683691887349
252 1874.9209999999998 -94.53377736035777
253 1879.8370000000002 -95.04280456943845
254 1877.187 -94.58304421933542
255 1892.104 -96.16871657043124
256 1924.735 -99.42353838540502
257 1949.605 -101.99410283123784
258 1948.366 -101.82223289503057
259 1915.265 -98.47100024325125
260 1949.318 -102.04345249560888
261 1975.872 -104.78060274009161
262 1961.3349999999998 -103.3329813083333
263 1968.6539999999998 -104.19546643391516
264 1939.0969999999998 -101.12143287916562
265 1950.4 -102.18444239295539
266 1912.3949999999998 -98.24896837766883
267 1897.6770000000001 -96.81808735675483
268 1923.47 -99.65857515370942
269 1942.114 -101.63349819551324
270 1932.1719999999998 -100.55635479012383
271 1911.534 -98.37814660144575
272 1920.9689999999998 -99.56942137969872
273 1929.771 -100.26996615773986
274 1906.4720000000002 -98.17633085417691
275 1919.6200000000001 -99.39350554406151
276 1926.909 -100.12743154930422
277 1929.0459999999998 -100.30123039973999
278 1889.0620000000004 -96.22080782802483
279 1865.2480000000003 -93.58063547015948
280 1811.175 -88.09129238345024
281 1838.6529999999998 -91.1546485935611
282 1836.6050000000002 -90.73746572888345
283 1847.979 -92.10864379912388
284 1869.7599999999998 -94.13696243859914
285 1844.877 -91.77730238402046
286 1818.282 -89.19435360496172
287 1812.72 -88.6985685677078
288 1803.4359999999997 -87.77469293659739
289 1813.2309999999998 -88.96432150045308
290 1838.0789999999997 -91.4639847633689
291 1800.125 -87.58722345540835
292 1759.8349999999998 -83.52561123786953
293 1745.9539999999997 -82.11191924001656
294 1801.5120000000002 -87.97303602961838
295 1789.2960000000003 -86.5424968133182
296 1818.7759999999998 -89.60399792463168
297 1822.417 -90.06016711752844
298 1830.096 -90.81474789555773
299 1859.364 -93.76969637595164
300 1872.7299999999996 -95.1257630296586
301 1876.7609999999997 -95.45331759841132
302 1934.252 -101.29352579413282
303 1908.309 -98.76205074505312
304 1841.596 -91.83388419336316
305 1814.268 -89.18316364337116
306 1783.107 -85.92411154516223
307 1808.247 -88.23782671412334
308 1824.5240000000001 -89.76103517430687
309 1764.8139999999999 -83.725853394975
310 1775.0600000000002 -84.67048647548634
311 1788.9470000000001 -86.09645398033665
312 1750.9430000000004 -82.14726459156397
313 1766.333 -83.5105045970857
314 1781.4450000000002 -84.92235114278625
315 1807.694 -87.5762421107178
316 1824.734 -89.33854657856618
317 1816.113 -88.4075415594015
318 1832.547 -90.28747171440564
319 1847.059 -91.7630353956147
320 1829.3960000000002 -90.27346608844364
321 1812.8350000000003 -88.50270550044625
322 1802.534 -87.46551557650983
323 1810.2859999999996 -88.50981384183498
324 1832.8289999999997 -90.92714979188142
325 1851.845 -92.84372371281597
326 1840.025 -91.84341396386444
327 1828.47 -90.89950350084544
328 1780.6820000000002 -85.92679478763608
329 1772.4070000000004 -85.06762842357941
330 1751.2150000000001 -82.71517008534657
331 1748.8799999999999 -82.8476383613918
332 1756.6689999999999 -83.67928083948945
333 1783.1349999999998 -86.242914699501
334 1796.2459999999999 -87.79151730017813
335 1765.8509999999999 -84.95848209790928
336 1786.027 -86.82009355692283
337 1758.866 -83.99460242630886
338 1736.334 -81.7623771349843
339 1747.8829999999998 -82.9921110680146
340 1762.1039999999998 -84.34061602056545
341 1782.759 -86.10657556350962
342 1781.0369999999998 -85.978035084157
343 1730.9269999999997 -80.89158328891675
344 1725.833 -80.17025039544845
345 1735.89 -80.97397874268111
346 1686.9899999999998 -75.97842189431977
347 1690.003 -76.24269177044646
348 1744.8399999999997 -81.81055532805638
349 1749.645 -82.24045642988165
350 1736.9309999999998 -81.13883256642089
351 1713.2040000000002 -78.74682694609845
352 1739.714 -81.31883381537298
353 1735.4059999999997 -80.94425412285175
354 1705.239 -77.9593791345149
355 1707.093 -78.34471826152739
356 1739.6509999999998 -81.55274720663155
357 1783.5309999999997 -86.07410682001218
358 1756.6299999999999 -83.2835248083415
359 1742.476 -81.84507502852603
360 1759.646 -83.58698476404129
361 1755.4630000000002 -83.26861507160898
362 1725.0610000000001 -80.38467296736417
363 1738.848 -81.66102226258725
364 1734.434 -81.03960973360617
365 1751.3760000000002 -82.6118982333799
366 1748.163 -82.59156753256441
367 1705.239 -78.2588815988496
368 1715.223 -79.31080782618994
369 1749.1800000000003 -82.89867405960892
370 1756.107 -83.64513079359543
371 1761.2630000000001 -84.27835504500567
372 1758.023 -84.02572088119226
373 1724.7599999999998 -80.9427205883559
374 1718.4469999999997 -80.4134744373559
375 1690.9099999999999 -77.76959453268492
376 1683.9689999999998 -76.89865885494365
377 1690.6179999999997 -77.46625649664341
378 1691.5970000000002 -77.56867271608961
379 1640.2450000000001 -72.36555362669144
380 1614.66 -69.76573300908285
381 1612.4199999999998 -69.53137564788986
382 1633.0859999999998 -71.49503033293482
383 1650.9669999999999 -73.11935855254929
384 1661.834 -74.08942957531607
385 1675.468 -75.39867068954736
386 1671.132 -75.00960892463753
387 1648.1739999999998 -72.59742371005304
388 1605.078 -68.32903587524592
389 1616.424 -69.4527185416741
390 1629.631 -70.76905135056622
391 1612.401 -69.00894020795293
392 1575.176 -65.1819729017917
393 1594.6009999999999 -67.07977128611893
394 1606.013 -68.45883374463799
395 1571.647 -64.91358792404766
396 1600.699 -67.91046465430654
397 1652.982 -73.33303115716498
398 1702.761 -78.20381340812574
399 1750.33 -83.09058003597977
400 1747.408 -82.85962907090827
401 1768.0049999999999 -84.85126754085783
402 1777.2959999999998 -85.84994024698054
403 1724.614 -80.60045285068779
404 1694.4599999999998 -77.5050045313272
405 1725.971 -80.77320793320014
406 1698.482 -77.83432125940655
407 1676.632 -75.53956121588517
408 1619.464 -69.84502579299877
409 1598.8790000000001 -67.65252426742317
410 1601.27 -67.73484712866721
411 1588.9109999999998 -66.32969235313493
412 1581.686 -65.694788408795
413 1649.366 -72.42329488652871
414 1694.0010000000002 -76.89944864940676
415 1670.1789999999996 -74.37271992162316
416 1684.6889999999996 -76.10748362959237
417 1701.325 -77.85086783559302
418 1732.5469999999998 -81.1628804195074
419 1724.967 -80.48004895446823
420 1720.9660000000003 -80.20052634896034
421 1714.489 -79.67787081909296
422 1758.8229999999999 -84.11069141978501
423 1737.432 -81.95860595243634
424 1691.0269999999996 -77.19800515665135
425 1705.6679999999997 -78.77990056151356
426 1683.5649999999998 -76.51171323778439
427 1660.273 -74.31856042984637
428 1663.852 -74.60463491409638
429 1672.386 -75.4273087595918
430 1660.4479999999999 -74.20929607790438
431 1667.591 -74.91787891896716
432 1651.3120000000004 -73.43864802060114
433 1663.0960000000002 -74.74274383321212
434 1670.3489999999997 -75.48607442360478
435 1659.943 -74.40214091870538
436 1656.7330000000002 -73.89872614015992
437 1640.2830000000001 -72.1776440988938
438 1642.3829999999998 -72.34723536197673
439 1649.0219999999997 -72.95531335569387
440 1644.5469999999998 -72.57223859951482
441 1666.8870000000002 -74.79979277457446
442 1662.307 -74.02707090249102
443 1646.672 -72.38324202180364
444 1635.3970000000002 -71.44113213602826
445 1633.265 -71.21957024783674
446 1627.642 -70.56844109522835
447 1641.459 -71.95121281533405
448 1642.0310000000002 -71.98255347015395
449 1633.2310000000002 -71.23203907905388
450 1646.5260000000003 -72.57775072163045
451 1626.547 -70.72677633748754
452 1637.659 -71.82607583031583
453 1609.321 -68.99416092927397
454 1615.94 -69.65025343333522
455 1612.9959999999999 -69.36399775613741
456 1638.033 -71.95934048088526
457 1658.155 -73.95486251769512
458 1648.9419999999998 -72.83957071581244
459 1629.483 -70.7566249140313
460 1655.784 -73.23548709095272
461 1643.337 -71.91754225115588
462 1598.9740000000002 -67.59544299686853
463 1630.71 -70.72775653714942
464 1663.2490000000003 -73.89648926329264
465 1655.685 -73.24361801440492
466 1641.4070000000004 -71.82555289243243
467 1596.3970000000002 -67.32037397959226
468 1594.1950000000002 -67.27668626580542
469 1597.617 -67.69934717892015
470 1596.5449999999998 -67.76416467685856
471 1599.509 -68.1470484981979
472 1636.964 -71.97937284334503
473 1647.0580000000002 -72.95492431944982
474 1584.1029999999998 -66.78624537260036
475 1594.8210000000001 -67.87598388288255
476 1613.698 -69.79622121683643
477 1609.3539999999998 -69.36521152479234
478 1611.4319999999998 -69.71088925208923
479 1615.396 -70.2193000075005
480 1612.5209999999997 -69.77067117154972
481 1608.3780000000002 -69.30466479910338
482 1618.621 -70.43542022798859
483 1608.8719999999998 -69.41728883726275
484 1658.3919999999998 -74.32708715348865
485 1652.131 -73.64295646821326
486 1639.2060000000001 -72.44255252141897
487 1646.1059999999998 -73.12979083049802
488 1633.2639999999997 -71.7380168481636
489 1605.098 -68.79213212681447
