episode steps reward
0 5484.987999999999 -472.3397269525714
1 5539.014000000001 -477.86277421953963
2 5460.4529999999995 -469.35582302751
3 5392.1900000000005 -462.5646758136153
4 5332.313 -456.6917516327847
5 5355.683 -458.3018649584677
6 5319.455 -453.9198325959329
7 5332.031999999999 -456.4456687322727
8 5400.354999999999 -463.0283692911804
9 5392.693999999999 -463.0165417047755
10 5398.3189999999995 -463.17858305853315
11 5356.265000000001 -458.7377878936192
12 5387.847 -462.4222082233938
13 5351.442 -458.37476623696523
14 5387.801000000001 -462.21981631251447
15 5266.111000000001 -449.7435251046545
16 5225.1900000000005 -445.28296279796376
17 5138.498 -435.36804217495063
18 5094.138999999999 -430.7983879566391
19 4951.165999999999 -414.64457507927057
20 4943.833 -414.0200507019805
21 4914.4980000000005 -410.7052167183948
22 4802.837 -398.4801738490582
23 4727.522000000001 -389.99375837856087
24 4662.926 -383.0063118160401
25 4664.455 -383.10560526722094
26 4573.865 -373.5933190717601
27 4578.201 -373.84839990163556
28 4521.633 -368.01791882147563
29 4528.895 -368.8036297197919
30 4454.542 -360.6508421795259
31 4446.584000000001 -360.1316852123824
32 4467.039 -362.42042361971676
33 4438.579 -359.694847705126
34 4353.006 -350.1202128514709
35 4295.444 -344.02868136821064
36 4312.744000000001 -345.7938792839187
37 4304.0779999999995 -345.01107179552025
38 4244.171 -338.199752413905
39 4182.669 -331.87754899794743
40 4155.183999999999 -328.80003304252256
41 4128.226 -325.6936936700683
42 4106.514 -322.7997305697414
43 4145.307000000001 -326.8883230328619
44 4153.807999999999 -328.0379713604245
45 4188.713 -331.6018521191974
46 4175.793 -329.73548693635746
47 4142.654 -325.84405634953686
48 4115.148000000001 -322.8966927539949
49 4135.898 -324.61335103495884
50 4096.414 -320.6039369239601
51 4128.505 -324.31539855105
52 4110.552999999999 -322.4999114433402
53 4110.950999999999 -322.06208310367873
54 4095.6089999999995 -320.21275885636044
55 4092.2590000000005 -319.59185469574334
56 4037.3000000000006 -313.97216542136846
57 4050.667 -315.5665209107773
58 4169.582 -328.076815998381
59 4198.652 -331.38807499286736
60 4230.897 -335.20960480403625
61 4146.465999999999 -325.6532362531621
62 4087.193 -319.52616985324863
63 4068.7980000000002 -317.87135100305136
64 4062.7770000000005 -317.96814694326247
65 4038.6639999999998 -315.84472983584385
66 4022.0810000000006 -314.3797320418557
67 4005.4950000000003 -312.43620392010183
68 3890.094 -300.32776953554736
69 3849.051000000001 -295.5919579454984
70 3792.0490000000004 -288.9266550650361
71 3727.6940000000004 -282.1786749919363
72 3739.2359999999994 -283.41417398710234
73 3662.803 -275.08706333079243
74 3677.4839999999995 -276.2722802073013
75 3637.561 -271.73077649278383
76 3636.5559999999996 -271.3635024013872
77 3582.547 -266.03208497093954
78 3574.339 -264.94076054259284
79 3588.585 -266.44432892882094
80 3568.147 -264.32314763242033
81 3625.639 -270.0987055231943
82 3637.8249999999994 -270.89676677260405
83 3706.672 -278.64296310380183
84 3704.5519999999997 -277.64942752788363
85 3724.418 -279.867278297668
86 3725.317 -279.8745346552334
87 3739.7709999999993 -280.7987541527425
88 3764.335 -283.69744300205105
89 3681.3190000000004 -275.2073301018659
90 3709.04 -278.2434669845492
91 3637.3300000000004 -270.8483944756718
92 3612.112 -268.4351273922277
93 3533.0910000000003 -259.94044503680516
94 3539.818 -260.8512336162941
95 3512.1230000000005 -257.6550395303144
96 3501.1169999999997 -256.48398233494333
97 3507.273 -257.41855593606937
98 3481.969 -254.27371638235726
99 3553.7329999999993 -262.04208207594064
100 3535.2160000000003 -260.074802055624
101 3613.2119999999995 -268.5268414211077
102 3584.571000000001 -265.3560994924222
103 3613.704 -267.8166034225413
104 3552.9910000000004 -261.660186946919
105 3543.8550000000005 -260.8734802921184
106 3530.012 -259.5018429424526
107 3497.353 -256.14004005871755
108 3463.8589999999995 -252.8089599112409
109 3410.6399999999994 -247.01808089503092
110 3376.4159999999997 -243.54822274834913
111 3373.4519999999998 -243.01575542192973
112 3402.5559999999996 -246.48358271839214
113 3371.286 -243.16167278753414
114 3380.2310000000007 -243.85013389562695
115 3365.547 -242.13934427321874
116 3405.9770000000003 -246.56180533102665
117 3399.0800000000004 -245.70452748785382
118 3437.1130000000003 -249.73736015932394
119 3432.4600000000005 -249.32994587005942
120 3417.6500000000005 -247.36896506888462
121 3411.7880000000005 -246.40413677353007
122 3367.7019999999998 -242.1725958299873
123 3354.1549999999997 -241.4234109930007
124 3370.567 -243.1923211623229
125 3388.936 -244.92478911604582
126 3310.9359999999992 -236.57637262874408
127 3310.528 -236.68849378163523
128 3305.993 -236.17046572950503
129 3377.067 -243.28003951256605
130 3356.3509999999997 -241.35668343803053
131 3247.311 -230.12751628510358
132 3253.452 -230.2730374608531
133 3272.6449999999995 -231.89890809745702
134 3281.114 -232.96348622929207
135 3249.0430000000006 -229.76326645506106
136 3295.478 -234.59464361464399
137 3266.507 -231.30033666678992
138 3246.4919999999997 -229.05926815628158
139 3178.2490000000007 -222.17106138476288
140 3172.495 -221.7416546126427
141 3208.8940000000002 -225.72410749863303
142 3243.21 -229.0161178031513
143 3268.685 -231.60749695797602
144 3229.1259999999997 -227.11966043883862
145 3235.354 -227.84921062692342
146 3192.7119999999995 -223.41693209092642
147 3197.1789999999996 -224.1611155848404
148 3207.028 -225.36793914166583
149 3167.4839999999995 -221.31461703014074
150 3181.2299999999996 -222.63278915054707
151 3177.355 -222.13140065872213
152 3140.181 -218.51579936553543
153 3078.9699999999993 -212.66270825338597
154 3075.1049999999996 -212.488776317627
155 3042.3399999999997 -208.93784756772283
156 3055.065 -210.31261270222998
157 3037.201 -208.32570481461525
158 2972.0930000000003 -201.58176818776866
159 3002.227 -204.4877763939192
160 2980.4700000000003 -202.4731052585295
161 2998.8030000000003 -204.30664962446963
162 3057.6500000000005 -210.46006914035098
163 3063.3340000000003 -210.97456103977657
164 3049.357 -209.5869574215776
165 3018.969 -206.73378345585246
166 2993.4719999999998 -204.32324504610767
167 2997.919 -204.6625633203649
168 3070.1 -212.1776580195639
169 3094.9790000000003 -215.16408613239895
170 3146.1770000000006 -220.1410888763397
171 3133.0209999999997 -218.82515939629934
172 3039.256 -209.00232400070445
173 3022.3599999999997 -206.90672796808173
174 2994.8149999999996 -203.78976367029867
175 3063.0550000000003 -210.52974608224707
176 3069.5890000000004 -211.15490282479647
177 3054.5390000000007 -209.8368958812604
178 2981.337 -202.2210979407177
179 2962.613 -200.41464291875874
180 2923.8349999999996 -196.1949072525278
181 2930.2519999999995 -197.10003086701053
182 2946.21 -198.87568161512831
183 2980.067 -202.44501436415268
184 3008.594 -205.68633067901823
185 2957.6989999999996 -200.63657993295237
186 2953.5550000000003 -200.15966484342482
187 2990.8489999999997 -203.9115150174322
188 3016.3129999999996 -206.5288021727021
189 3000.3129999999996 -204.3008645702169
190 2984.9089999999997 -202.94370413308022
191 2944.6809999999996 -198.56414671084661
192 2972.9039999999995 -201.27941197643366
193 2983.6230000000005 -202.44472196898465
194 3001.203 -203.84207423553895
195 3052.072 -208.8740281510099
196 3045.977 -208.1068592911112
197 3014.281 -204.92720374478807
198 3049.689 -208.40773185714497
199 3079.234 -211.35009226588176
200 3122.532 -215.7382212349537
201 3155.718 -219.32400580499205
202 3175.353 -221.41448887368105
203 3166.95 -220.54175672513776
204 3097.293 -213.71138109823573
205 3068.204 -211.16155251514698
206 3109.6709999999994 -215.29372515655868
207 3083.6220000000003 -212.56245025772085
208 3054.227 -209.54899932382168
209 3044.5549999999994 -208.9055205559304
210 3012.835 -205.54841131612835
211 3017.8680000000004 -205.95291725068765
212 2954.4620000000004 -199.2636826693962
213 2977.4130000000005 -201.34834848190778
214 3006.331 -204.14748700472458
215 2972.186 -200.56068531812144
216 2951.524 -198.56568501456738
217 3021.469 -205.49766900006358
218 3007.163 -204.11859301950477
219 2982.733 -201.37076737926378
220 2986.058 -201.67521130319938
221 2992.761 -202.71624589434504
222 2971.329 -200.45496259433392
223 2962.0860000000002 -199.45839979312063
224 2933.549 -196.41871746468627
225 2972.684 -199.91303138526783
226 2936.3300000000004 -196.0904854419112
227 2850.933 -187.57136949893825
228 2850.071 -187.33181323402903
229 2829.014 -185.24378467581752
230 2799.4429999999993 -182.47261263421473
231 2756.4859999999994 -177.85599284121957
232 2788.0369999999994 -181.1215297115519
233 2742.7670000000003 -176.76051185802214
234 2821.7419999999997 -184.97423648547434
235 2782.312 -181.332109504122
236 2783.2529999999997 -181.3960834798109
237 2828.6089999999995 -185.9398467898907
238 2836.8579999999997 -186.80657687443653
239 2903.382 -193.5686704024484
240 2946.001 -198.12105837253154
241 2951.108 -198.37451067120907
242 2932.8630000000003 -196.3880399600244
243 2940.886 -197.05878726528107
244 2882.69 -191.29680495485553
245 2903.0380000000005 -193.04632437147637
246 2926.1980000000003 -195.44955528170502
247 2878.248 -190.41857692129196
248 2894.1500000000005 -192.27124886435234
249 2816.535 -184.50326080722022
250 2812.028 -183.55958809485497
251 2823.067 -184.87908389114634
252 2820.739 -185.02432705587938
253 2809.893 -183.60134285710683
254 2814.162 -183.861059503162
255 2793.986 -182.04391394252647
256 2817.774 -184.75653874601178
257 2842.518 -187.54887039194438
258 2840.781 -187.39301696239164
259 2871.3059999999996 -190.42538478341098
260 2854.0309999999995 -188.9758995147726
261 2853.7209999999995 -188.80666607728065
262 2854.6059999999998 -188.69558953423748
263 2884.9700000000003 -192.12859114855797
264 2853.36 -189.0877706471633
265 2847.724 -188.43673946869302
266 2765.401 -179.80747694135616
267 2775.3059999999996 -180.64337680154622
268 2759.073 -178.95814513848887
269 2739.084 -177.0200393974033
270 2725.397 -175.1390452134529
271 2745.001 -177.17164984713105
272 2741.011 -177.02771956054693
273 2721.234 -175.18310236102624
274 2761.295 -179.1164355681405
275 2829.5420000000004 -186.00341527009988
276 2898.3210000000004 -192.94671077386138
277 2902.7300000000005 -193.58029757336084
278 2882.6050000000005 -191.44776067290164
279 2930.258 -196.07714063653884
280 2967.489 -200.08734619470022
281 2931.1619999999994 -196.16468081927192
282 2931.4809999999993 -195.742516124663
283 2946.3849999999998 -197.01516915156384
284 2962.701 -198.70849173642205
285 2927.9970000000003 -195.35165359085732
286 2886.9900000000002 -191.23702951941678
287 2896.0310000000004 -192.2348116369404
288 2921.1330000000003 -194.76182733251545
289 2899.3010000000004 -192.59797255718914
290 2889.928 -192.06157087275508
291 2879.5819999999994 -191.31778779330384
292 2885.7879999999996 -192.17964370147158
293 2894.908 -193.10910674952797
294 2874.725 -190.9419220214026
295 2842.707 -187.51247615636734
296 2834.1639999999998 -186.7266918042262
297 2794.917 -182.55973966150717
298 2753.6130000000003 -178.22778311796378
299 2757.8129999999996 -178.97068244083945
300 2753.069 -178.3104857306665
301 2825.084 -185.34646560056535
302 2836.1169999999997 -186.55918228592714
303 2825.4500000000003 -185.4929317373167
304 2834.292 -186.64849982766336
305 2835.536 -186.7371417823134
306 2860.6580000000004 -189.16138747559066
307 2854.88 -188.55553037626856
308 2888.8820000000005 -192.11945535412028
309 2836.663 -186.45200776573583
310 2817.657 -184.29509245064688
311 2742.823 -176.56828505072517
312 2681.449 -170.23017441690587
313 2675.0860000000002 -169.60080477442338
314 2655.407 -167.3942706773253
315 2646.101 -166.44161998513113
316 2642.701 -166.24895142909497
317 2696.4030000000002 -171.61321904763736
318 2664.283 -168.4544507503467
319 2657.599 -167.6095386498916
320 2649.422 -166.94690564317915
321 2650.1220000000003 -167.4432109438897
322 2700.516 -172.29675373652833
323 2657.167 -167.81454483722297
324 2663.084 -168.50803152524955
325 2679.6159999999995 -170.10014770597616
326 2680.596 -169.86730663597987
327 2620.785 -163.68337761557297
328 2666.7000000000003 -168.18398094790027
329 2705.3010000000004 -172.1336034199134
330 2742.7129999999997 -176.00168308107493
331 2768.92 -178.6627593683289
332 2772.536 -179.2308908863857
333 2801.323 -182.4867149669212
334 2766.29 -178.87464569497544
335 2778.4919999999997 -180.14886876341015
336 2758.376 -178.02961721181595
337 2808.976 -183.19920180056948
338 2796.286 -182.05800098267716
339 2789.844 -181.53558137490072
340 2754.966 -177.67016684128316
341 2722.666 -174.4180684536895
342 2748.547 -177.12748794112366
343 2756.39 -177.78331729792347
344 2782.4389999999994 -180.15229258017638
345 2762.8539999999994 -178.28732871203079
346 2815.8709999999996 -183.85594823646207
347 2762.54 -178.47426760865204
348 2729.418 -175.2096823496781
349 2749.0150000000003 -177.2202093560931
350 2751.386 -177.60099977316443
351 2733.3189999999995 -175.68431461885348
352 2731.3419999999996 -175.32524290164298
353 2771.345 -179.32704619404245
354 2747.2949999999996 -177.2067378914076
355 2758.907 -178.45646107649986
356 2727.33 -175.32586394450783
357 2745.418 -177.50737167745638
358 2781.682 -181.23302368535937
359 2758.338 -178.75586506355745
360 2733.968 -176.1250294000532
361 2796.1940000000004 -182.57664727177357
362 2756.8810000000003 -178.64148374305253
363 2712.79 -174.41607957384986
364 2696.595 -172.6080434599133
365 2726.584 -175.63459422678906
366 2675.3460000000005 -170.50045544540745
367 2673.9100000000003 -170.38453085610178
368 2626.6530000000007 -165.3681971571121
369 2634.3630000000003 -166.33237668904468
370 2617.175 -164.80937286832122
371 2562.618 -159.14180204744815
372 2567.732 -159.5653344664476
373 2543.027 -157.03387045788116
374 2578.615 -160.71225240168832
375 2534.8579999999997 -156.27374845822402
376 2533.7760000000003 -156.01370699883844
377 2540.091 -156.59492338766842
378 2547.951 -157.4372091594712
379 2520.0100000000007 -154.61866684753917
380 2593.807 -162.1052124527925
381 2621.4970000000003 -164.7035807478562
382 2631.021 -165.80808850705017
383 2679.585 -170.5372808316742
384 2691.678 -171.9862367664836
385 2709.368 -173.76633089789152
386 2750.267 -178.14312579155688
387 2714.205 -174.23325835044844
388 2734.923 -176.42509470648605
389 2757.808 -178.7467876082905
390 2728.083 -175.86791545674623
391 2728.691 -176.11215437354628
392 2703.9829999999993 -173.6212241275959
393 2640.1629999999996 -167.2996804100964
394 2615.058 -164.41459460231323
395 2579.698 -160.83315737399118
396 2582.829 -160.8786203434069
397 2604.1670000000004 -163.04308201140697
398 2602.416 -162.88610422772302
399 2608.424 -163.37699415390904
400 2574.7830000000004 -159.74216897367052
401 2537.041 -155.7614360870692
402 2542.5789999999993 -156.26179699424114
403 2579.8269999999998 -159.85263517502844
404 2600.436 -161.90112966752616
405 2613.525 -163.42749203982527
406 2613.47 -163.6039225546162
407 2613.3089999999997 -163.5237644014482
408 2611.513 -163.22938140959428
409 2608.1040000000003 -162.98936217513403
410 2610.579 -163.32832893167335
411 2609.934 -163.33447241078449
412 2636.263 -166.23631526984985
413 2623.66 -165.25831046492152
414 2634.382 -166.6548066132438
415 2662.063 -169.06712009678694
416 2667.398 -169.54999851263355
417 2696.904 -172.5178994144528
418 2675.869 -170.29255543515652
419 2653.805 -168.05686077193772
420 2688.16 -171.63231234234595
421 2737.28 -176.77568566396184
422 2691.826 -171.876276436135
423 2751.457 -177.79575443750645
424 2722.7129999999997 -174.54792991073984
425 2693.6099999999997 -171.59576750779306
426 2661.7889999999998 -168.35431256683273
427 2626.1519999999996 -165.3332466147937
428 2684.327 -171.4898168097312
429 2647.111 -167.71362301421135
430 2609.4970000000003 -163.7653511365084
431 2575.2029999999995 -160.06217358586704
432 2597.5729999999994 -162.64629918794202
433 2491.1639999999998 -151.60436839963575
434 2491.7349999999997 -151.8336147811417
435 2535.6940000000004 -156.41714922917632
436 2603.3450000000003 -163.57330435818466
437 2635.999 -166.41180435957617
438 2585.4289999999996 -161.15859060413987
439 2647.216 -167.16605656711087
440 2655.954 -168.19697561360607
441 2675.176 -170.173382187058
442 2657.2079999999996 -168.22788900408972
443 2720.7329999999997 -174.67517497714192
444 2718.025 -174.38476560607688
445 2695.1989999999996 -171.98282409807288
446 2636.173 -165.51083553731368
447 2611.809 -163.02290304412745
448 2634.714 -165.31978167924746
449 2614.9049999999997 -163.4535528853559
450 2621.1240000000003 -163.9037418439941
451 2600.617 -162.06110233732142
452 2605.184 -162.68819613377298
453 2570.941 -159.22028633568704
454 2534.502 -155.37464823304703
455 2512.855 -153.35106841846738
456 2532.651 -155.52345901912545
457 2573.4759999999997 -159.86719848077945
458 2528.316 -155.04536968549436
459 2563.901 -158.89235244499946
460 2544.688 -156.95752229631282
461 2567.166 -159.1083569505284
462 2603.549 -162.51983478767008
463 2586.426 -160.6683894228098
464 2638.926 -166.0561463334496
465 2632.5330000000004 -165.1672615208998
466 2578.324 -159.62030830838475
467 2510.871 -152.72136567993698
468 2548.606 -156.8777107065596
469 2521.8409999999994 -154.0695148827362
470 2541.0169999999994 -156.07259554163056
471 2531.399 -154.99695658994247
472 2501.567 -152.06887128725066
473 2564.255 -158.79031247018148
474 2545.1070000000004 -157.16691293575886
475 2554.9070000000006 -158.28719129847988
476 2552.1130000000003 -158.05169016204272
477 2614.9970000000003 -164.36028104572142
478 2603.2850000000008 -163.11487128487778
479 2566.84 -159.28233098532942
480 2603.7490000000003 -162.89392567997464
481 2607.15 -163.15883551424463
482 2627.8689999999997 -165.3066616208896
483 2577.259 -159.9991084896498
484 2571.004 -159.20739990857655
485 2571.5049999999997 -159.4056754459644
486 2594.6240000000003 -161.86658936071353
487 2579.174 -160.2940458371754
488 2571.726 -159.42277739331126
489 2583.3780000000006 -160.68380827117275
