episode mse top bottom
1 0.0473480029913633 0.0473480029913633 0.0473480029913633
51 0.04335353915897418 0.05052932125734962 0.03617775706059873
101 0.039533577282026756 0.04976451487532707 0.02930263968872644
151 0.03605487243480043 0.04891764336555163 0.023192101504049243
201 0.03242987357496587 0.04828346372805144 0.016576283421880302
251 0.03021067611633967 0.048284180783253444 0.012137171449425891
301 0.027910508956186054 0.04718478000060025 0.008636237911771857
351 0.0262236200937932 0.04624874381068721 0.006198496376899187
401 0.024901992294388494 0.04525760315166466 0.004546381437112324
451 0.024077350823796966 0.044814009803597496 0.0033406918439964316
501 0.02354094001864252 0.044580869919456784 0.0025010101178282555
551 0.02310827915129644 0.044361867812182 0.0018546904904108742
601 0.022592949679949383 0.04409944164260647 0.0010864577172922905
651 0.0220846263966477 0.04378133666458467 0.0003879161287107351
701 0.02164564572209166 0.04346179681789023 -0.000170505373706914
751 0.021476112702142044 0.0433239345887339 -0.00037170918444981785
801 0.02145588807032333 0.04331940815036277 -0.0004076320097161114
851 0.02111192884271104 0.04311320882265651 -0.0008893511372344322
901 0.020878898018094002 0.043050977561417444 -0.0012931815252294442
951 0.021011876013839702 0.043079627427131104 -0.0010558753994516952
1001 0.02081126312625179 0.043045748882089466 -0.0014232226295858852
1051 0.020916881789503777 0.04305515496031021 -0.0012213913813026583
1101 0.02084866736844095 0.04303849792770789 -0.0013411631908259898
1151 0.02085021703199969 0.04304685310890896 -0.001346419044909588
1201 0.020787233552561676 0.043031535378659225 -0.00145706827353587
1251 0.02082696145301119 0.04304921121316024 -0.0013952883071378687
1301 0.020720442698339937 0.043023611900786254 -0.0015827265041063812
1351 0.020839139451801176 0.04304013192786124 -0.0013618530242588897
1401 0.0207800482303953 0.04303924017137367 -0.0014791437105830772
1451 0.02072722772270901 0.043027721478511825 -0.0015732660330938023
1501 0.020617432350761328 0.04297738900912865 -0.0017425243076059915
1551 0.0206314550504122 0.042980101672375315 -0.001717191571550914
1601 0.02064550413214565 0.042977830988696 -0.0016868227244047004
1651 0.020614619208249287 0.042975342190097965 -0.0017461037735993883
1701 0.020595545694556586 0.042972036940143996 -0.0017809455510308277
1751 0.020537058314691294 0.04296312323069744 -0.0018890066013148507
1801 0.02060836083159652 0.04297526105723497 -0.001758539394041931
1851 0.02056455795680975 0.04296760732087903 -0.0018384914072595293
1901 0.020464103998665148 0.04295215892107998 -0.002023950923749681
1951 0.02047817989873877 0.04295446740567113 -0.001998107608193588
2001 0.020538480510965216 0.042963019079163924 -0.0018860580572334917
2051 0.02048478387155092 0.042955411402893814 -0.001985843659791972
2101 0.020519554702338714 0.042959737574250964 -0.001920628169573533
2151 0.02053218752566701 0.04296182676238008 -0.0018974517110460568
2201 0.02047206894436001 0.042953282721317695 -0.0020091448325976757
2251 0.020493831781962724 0.04295682679876037 -0.001969163234834915
2301 0.02048620114625543 0.04295619857260044 -0.001983796280089583
2351 0.020429555212053634 0.042948244557825595 -0.0020891341337183275
2401 0.02043805553875763 0.042947993354539624 -0.0020718822770243693
2451 0.02038334477007407 0.042941094715535796 -0.002174405175387653
2501 0.0204240381647511 0.042943431205516636 -0.0020953548760144387
2551 0.02042157246737765 0.042950351603616384 -0.002107206668861085
2601 0.020479136905983176 0.042955929322565325 -0.0019976555105989773
2651 0.02049720833853379 0.04297284297036204 -0.001978426293294453
2701 0.020519885154592625 0.04298587752375123 -0.001946107214565982
2751 0.02046831766976204 0.04298838194508367 -0.0020517466055595852
2801 0.020489708290173412 0.04301811565633462 -0.0020386990759877974
2851 0.020502405809378666 0.04301896392712548 -0.002014152308368152
2901 0.02041755933666912 0.042921327396395974 -0.002086208723057731
2951 0.020288226077999273 0.04280455819119365 -0.0022281060351951078
3001 0.020246269819585754 0.042763963886972484 -0.0022714242478009752
3051 0.020251561193812644 0.042732228045065955 -0.0022291056574406665
3101 0.020212202632508558 0.042737812410068715 -0.0023134071450515957
3151 0.02024142980963649 0.04273466452869057 -0.002251804909417586
3201 0.02023434501701582 0.0427212770422228 -0.0022525870081911564
3251 0.020121176917907584 0.04269181979904675 -0.0024494659632315827
3301 0.02016042692164062 0.042687436010261225 -0.0023665821669799844
3351 0.02012980688933004 0.042675778247126 -0.002416164468465914
3401 0.0201876293854723 0.04267871153220473 -0.0023034527612601358
3451 0.020156118949294054 0.04264731879926023 -0.002335080900672127
3501 0.020108203627045525 0.04263071848765273 -0.0024143112335616793
3551 0.020053391478949193 0.04259978512943849 -0.002493002171540099
3601 0.020108392173794138 0.04261954196307552 -0.0024027576154872395
3651 0.02005109817592104 0.04261421137956865 -0.0025120150277265704
3701 0.02001289952228677 0.04260684388743552 -0.0025810448428619757
3751 0.019971548132595836 0.042582605202195825 -0.00263950893700415
3801 0.02000948358487118 0.04258146438123748 -0.002562497211495117
3851 0.019984982571455055 0.04257722994877252 -0.0026072648058624096
3901 0.01996194452119031 0.0425579369479257 -0.002634047905545084
3951 0.019923002932798355 0.04254737073152243 -0.002701364865925718
4001 0.019923810076972123 0.042549506114178993 -0.002701885960234747
4051 0.019871942502083118 0.04248719747982427 -0.002743312475658028
4101 0.019856600925839782 0.04248459562677054 -0.002771393775090971
4151 0.019863388633073586 0.04249291923679148 -0.0027661419706443077
4201 0.01986314107302173 0.04248904103622683 -0.0027627588901833755
4251 0.019854093125186125 0.042482855501270636 -0.0027746692508983893
4301 0.019872979041424998 0.04244615760445945 -0.0027001995216094574
4351 0.019853046127220206 0.04239357117561286 -0.0026874789211724544
4401 0.019762906663084848 0.042338853012345155 -0.00281303968617546
4451 0.019742406933205437 0.0423262928112447 -0.002841478944833827
4501 0.0197402255856881 0.04229084010799196 -0.002810388936615761
4551 0.01969417031384237 0.04227423869467389 -0.002885898066989148
4601 0.019688569193329664 0.04224977160090934 -0.0028726332142500165
4651 0.01968849429007119 0.04224716174970951 -0.002870173169567128
4701 0.019667489164186626 0.04225355448042481 -0.002918576152051558
4751 0.019718354321447452 0.04226296819290812 -0.0028262595500132097
4801 0.019642339286274357 0.04224378337792805 -0.0029591048053793367
4851 0.01968087167105252 0.04225756594329788 -0.002895822601192838
4901 0.019664014943765677 0.042241906115371194 -0.00291387622783984
4951 0.019629504031201214 0.042235128341215615 -0.0029761202788131866
5001 0.019650876334029673 0.04224605099855461 -0.0029442983304952576
5051 0.019593665163269037 0.04221883128294206 -0.00303150095640398
5101 0.019635204445272104 0.042207805752110014 -0.002937396861565803
5151 0.019574845757212522 0.04218863741953824 -0.0030389459051131974
5201 0.019612705022270475 0.04220308423813996 -0.0029776741935990114
5251 0.019548352357548274 0.04218234351805886 -0.003085638802962313
5301 0.01954168140426837 0.042172302173295984 -0.0030889393647592425
5351 0.019538007995957778 0.04217481478114667 -0.003098798789231118
5401 0.019536927903207612 0.04217535518002126 -0.003101499373606032
5451 0.01955363116420905 0.042188244965906736 -0.0030809826374886343
5501 0.019535776904749284 0.042176386682373126 -0.003104832872874559
5551 0.019572367633462963 0.0421919983719745 -0.003047263105048579
5601 0.019583712748668068 0.042190410102496856 -0.0030229846051607195
5651 0.01953006120671236 0.042187186780466596 -0.003127064367041875
5701 0.019537207074587223 0.042184117942571576 -0.003109703793397131
5751 0.019565747226493867 0.04217924729324379 -0.0030477528402560565
5801 0.01953771962566436 0.0421831179097526 -0.003107678658423884
5851 0.019526257159200252 0.04217293591605824 -0.0031204215976577375
5901 0.019559521536491847 0.042165796675925044 -0.0030467536029413454
5951 0.019517197504094273 0.04216124590370393 -0.003126850895515388
6001 0.019532411469254635 0.04215638847984893 -0.0030915655413396546
6051 0.019523194015664543 0.04215926061209116 -0.0031128725807620765
6101 0.019525711960581792 0.04215076997659623 -0.0030993460554326474
6151 0.01952196464992543 0.042142326074045465 -0.0030983967741946075
6201 0.019483659274824924 0.04213532101567724 -0.00316800246602739
6251 0.019504979058018245 0.04213873988815944 -0.0031287817721229495
6301 0.01946859343181969 0.04212662321696113 -0.003189436353321754
6351 0.01950879073441597 0.042138996704968325 -0.0031214152361363837
6401 0.01948585849112057 0.04213411236072774 -0.0031623953784866016
6451 0.019466112793174867 0.04212260452116945 -0.0031903789348197154
6501 0.01950462669785917 0.04213290950509769 -0.0031236561093793483
6551 0.019507819519333176 0.04213691109180499 -0.0031212720531386406
6601 0.019479102963375107 0.0421353895590742 -0.0031771836323239815
6651 0.019464494513886994 0.04213166120900244 -0.003202672181228456
6701 0.019452864013136405 0.04212398241254289 -0.003218254386270082
6751 0.019442882936676738 0.042128267837488645 -0.003242501964135173
6801 0.01944153595627626 0.04212486725519389 -0.0032417953426413758
6851 0.01945059150259694 0.042125735911647824 -0.0032245529064539417
6901 0.019469105553331204 0.042137263054138265 -0.003199051947475856
6951 0.019471062885013813 0.04213003150497574 -0.0031879057349481175
7001 0.019454691513252916 0.0421317023474604 -0.0032223193209545663
7051 0.01942359366759715 0.042117750557367155 -0.0032705632221728537
7101 0.01945716076574191 0.042125396476207014 -0.0032110749447232002
7151 0.019452711979824226 0.04212674810762905 -0.003221324147980601
7201 0.01944701627851937 0.04212728983893517 -0.0032332572818964365
7251 0.019456034493261585 0.04212192212133699 -0.0032098531348138185
7301 0.019469049597263532 0.042135715002770927 -0.003197615808243858
7351 0.019456992295113343 0.04213105637184485 -0.0032170717816181575
7401 0.01950167857784449 0.04214717983972628 -0.0031438226840373
7451 0.019495116487163813 0.0421492605539101 -0.003159027579582474
7501 0.019483826071392533 0.04213459968012698 -0.003166947537341907
7551 0.01946761596276999 0.042136907751577954 -0.003201675826037975
7601 0.019484115767842248 0.04215137831425624 -0.0031831467785717465
7651 0.01947471090963503 0.04214664700634657 -0.0031972251870765155
7701 0.019462679021081068 0.04212481616092979 -0.003199458118767661
7751 0.019471127351946484 0.042126010467207625 -0.003183755763314658
7801 0.01943771305023474 0.042118324088684926 -0.0032428979882154485
7851 0.01943880436276782 0.042117534300546246 -0.0032399255750106062
7901 0.019443082772523296 0.04211684960530902 -0.003230684060262435
7951 0.019420552616601562 0.042113164834165606 -0.0032720596009624785
8001 0.019445272768455243 0.042122385252520864 -0.0032318397156103802
8051 0.01945529892499275 0.04212727500345799 -0.0032166771534724893
8101 0.019423316195971718 0.042115912100036706 -0.0032692797080932715
8151 0.019457605123494464 0.04212350009207609 -0.0032082898450871596
8201 0.019456371573733783 0.04212242941302155 -0.0032096862655539814
8251 0.01946087737684424 0.04213015015312961 -0.0032083953994411253
8301 0.01943710234993711 0.04212678046801526 -0.0032525757681410444
8351 0.01942763794439661 0.04212631113580529 -0.003271035247012069
8401 0.019434319651638835 0.042128377741742495 -0.003259738438464825
8451 0.019465455096432605 0.042142732916059536 -0.003211822723194327
8501 0.019471780663639228 0.04214532100381546 -0.0032017596765370054
8551 0.01946964816040202 0.04214264097669303 -0.0032033446558889893
8601 0.019486702900687353 0.04215972001005571 -0.0031863142086810056
8651 0.019492022788048746 0.042160268321566524 -0.0031762227454690296
8701 0.01946385974943131 0.042147531180997885 -0.0032198116821352714
8751 0.01947797580609953 0.042165489829620054 -0.0032095382174209923
8801 0.019469861295113973 0.042158579054601436 -0.0032188564643734867
8851 0.01947083244843785 0.04215749792287031 -0.0032158330259946105
8901 0.019479629776435855 0.04214745460696753 -0.0031881950540958263
8951 0.019450496419743227 0.042135714556372376 -0.0032347217168859216
9001 0.019464629548493553 0.04214533834670233 -0.0032160792497152244
9051 0.019432842964334153 0.042132757472880686 -0.0032670715442123834
9101 0.019427893978404796 0.04212498211553478 -0.003269194158725189
9151 0.01946132972496724 0.04213792959285649 -0.0032152701429220137
9201 0.019475223992007164 0.04214180363388867 -0.0031913556498743383
9251 0.01943946462352374 0.04213221143484895 -0.0032532821878014755
9301 0.019454527982792104 0.04213264827910915 -0.003223592313524936
9351 0.01944726495362249 0.04212772474473235 -0.0032331948374873763
9401 0.019448875857991856 0.042129830722801534 -0.0032320790068178264
9451 0.019459907508132524 0.04212341085303579 -0.0032035958367707396
9501 0.019425300136654968 0.04211350892100934 -0.003262908647699403
9551 0.019398425786958585 0.042106652679652676 -0.003309801105735505
9601 0.019400641683619282 0.04210959538105241 -0.00330831201381385
9651 0.019406353542005345 0.04210762041307102 -0.0032949133290603276
9701 0.019404959985952385 0.04210246329078579 -0.0032925433188810208
9751 0.019394814896225073 0.04210882281396938 -0.0033191930215192393
9801 0.019414500210936207 0.04211535128926208 -0.003286350867389664
9851 0.019404483497589803 0.04211224793742843 -0.003303280942248823
9901 0.01941421423193459 0.04211652286063166 -0.0032880943967624823
9951 0.019419222395337152 0.04211927884370942 -0.003280834053035118
