episode mse top bottom
1 0.0473480029913633 0.0473480029913633 0.0473480029913633
51 0.046954422961953346 0.049192429884819144 0.04471641603908755
101 0.046708006307168384 0.0494982492455429 0.04391776336879387
151 0.04655582330099826 0.049781821921834106 0.04332982468016241
201 0.046440427449303955 0.04983785035428188 0.04304300454432603
251 0.04630100232644974 0.0503591993916685 0.04224280526123099
301 0.04594276253373247 0.050958264176675795 0.04092726089078915
351 0.04544525666156838 0.05174054732629737 0.03914996599683939
401 0.044544203678580425 0.05191111714173972 0.037177290215421134
451 0.04383538271030584 0.05230520429121437 0.03536556112939731
501 0.04250816343968685 0.05199254698343577 0.03302377989593793
551 0.041265895368699 0.05184604889946683 0.030685741837931164
601 0.04020212387247929 0.05220626975409703 0.02819797799086155
651 0.03897565302551322 0.0520957225938076 0.025855583457218848
701 0.03785378259056502 0.051965495959882896 0.02374206922124715
751 0.037200677510079015 0.05147462030160885 0.022926734718549186
801 0.03632837113977918 0.05123224549466569 0.021424496784892666
851 0.03554864516264007 0.050936915146607434 0.020160375178672713
901 0.034835106657734254 0.05040266866688055 0.019267544648587962
951 0.03370102086720831 0.05011328314209802 0.017288758592318598
1001 0.032547925927887335 0.04977930161588506 0.01531655023988961
1051 0.03163831669572142 0.04934674112239121 0.013929892269051631
1101 0.03097989783573425 0.049141365132918016 0.012818430538550484
1151 0.03042013996366659 0.04871728199966328 0.012122997927669903
1201 0.029683625472645633 0.0482126207200068 0.011154630225284467
1251 0.02912472872986481 0.047691608197652516 0.0105578492620771
1301 0.028386981241378374 0.047189241752672084 0.00958472073008466
1351 0.027601615689687352 0.0468238383190626 0.008379393060312105
1401 0.026808269127623973 0.046378261049790176 0.00723827720545777
1451 0.026266775658466246 0.04600164999591119 0.0065319013210212995
1501 0.02590991929574447 0.0456851568651178 0.006134681726371143
1551 0.025184595661772426 0.04507363359604763 0.005295557727497225
1601 0.024524289651100286 0.04439561825447859 0.004652961047721987
1651 0.023857756871659416 0.043887350452548254 0.0038281632907705802
1701 0.02363771188542426 0.043630585090776795 0.0036448386800717256
1751 0.0230344666389449 0.0428549593826307 0.0032139738952590945
1801 0.022078853176190374 0.041819686989731375 0.0023380193626493725
1851 0.021617900127181407 0.04091198963744905 0.0023238106169137657
1901 0.02054855392750202 0.04008629029847269 0.0010108175565313494
1951 0.02023655339629284 0.03972247997300597 0.0007506268195797035
2001 0.019728678229072694 0.039081141019263244 0.0003762154388821416
2051 0.019078364880717444 0.03830501749663494 -0.0001482877352000471
2101 0.01854210235396271 0.03754652447146268 -0.00046231976353725696
2151 0.01795285591187942 0.03687652295107964 -0.0009708111273208017
2201 0.01749613498028444 0.036266995088343836 -0.0012747251277749547
2251 0.016777895633803462 0.03533513278958032 -0.0017793415219733988
2301 0.016324086921650043 0.03453492295846198 -0.001886749115161894
2351 0.015785078512965983 0.033960550940283454 -0.0023903939143514845
2401 0.015479959740456153 0.03338509928937766 -0.0024251798084653567
2451 0.01521379240783805 0.03304992999437921 -0.0026223451787031112
2501 0.01479172692933989 0.032459345145035595 -0.0028758912863558177
2551 0.014197437412595524 0.03170308904619409 -0.003308214221003039
2601 0.01387709265208245 0.031128953836689448 -0.0033747685325245472
2651 0.013712021601795084 0.030835947977430538 -0.0034119047738403706
2701 0.013554673525783958 0.030708070671841007 -0.0035987236202730914
2751 0.013310966010644031 0.0304303499823538 -0.003808417961065739
2801 0.012893139515577712 0.03007414125619142 -0.004287862225035995
2851 0.01275950989974979 0.029955891286772268 -0.004436871487272686
2901 0.012750652794557742 0.02983585403932191 -0.0043345484502064265
2951 0.012498976692808141 0.02962260081895806 -0.0046246474333417765
3001 0.01234293581058028 0.029467542542230187 -0.004781670921069629
3051 0.012360734851451416 0.029409010920603745 -0.004687541217700911
3101 0.012058682478457159 0.02880258588158883 -0.004685220924674509
3151 0.011846720021502248 0.028528746187834762 -0.004835306144830269
3201 0.011791503370247862 0.02839517719150912 -0.004812170451013398
3251 0.011674763858563794 0.02821461325768556 -0.0048650855405579715
3301 0.011786711689263247 0.028148542674666405 -0.004575119296139912
3351 0.011533192807704288 0.027833070458388384 -0.004766684842979809
3401 0.011412512085703734 0.02756456644469868 -0.004739542273291214
3451 0.011095086723897361 0.027164492648640425 -0.004974319200845701
3501 0.010807774605126165 0.02662993903182248 -0.005014389821570148
3551 0.010726568662243266 0.026474804358993596 -0.005021667034507064
3601 0.010480829141061486 0.02609629547678682 -0.0051346371946638485
3651 0.010305600880637011 0.02585374546253036 -0.005242543701256338
3701 0.01011089683877193 0.02550316195221082 -0.005281368274666961
3751 0.009890527034470978 0.024961054194124296 -0.0051800001251823425
3801 0.00954153566332329 0.02456650928607863 -0.005483437959432048
3851 0.00923862974842804 0.02420396886547845 -0.005726709368622369
3901 0.008999425466437371 0.023887092117088136 -0.005888241184213392
3951 0.008789766859581131 0.023443201787664063 -0.0058636680685018
4001 0.008788188376787978 0.023271146969810433 -0.005694770216234478
4051 0.008552294263834545 0.022972995412391856 -0.005868406884722767
4101 0.008334370426677413 0.02252409119439494 -0.005855350341040115
4151 0.008186344667383562 0.022215676176414165 -0.005842986841647043
4201 0.007924303325329703 0.02166457461468274 -0.005815967964023337
4251 0.007810154390785443 0.02148145805605034 -0.0058611492744794534
4301 0.007610483837410175 0.0210762700591231 -0.005855302384302749
4351 0.007485999569738812 0.020787864175557714 -0.00581586503608009
4401 0.007232473163708269 0.020353946336230156 -0.005889000008813618
4451 0.0070205176108901835 0.019860966204308116 -0.00581993098252775
4501 0.006906623003477242 0.019664348614150257 -0.005851102607195773
4551 0.006780590035545045 0.019261955105769286 -0.005700775034679198
4601 0.006622095661755357 0.018821075009740517 -0.005576883686229803
4651 0.0064900505086285185 0.018521664164666996 -0.005541563147409959
4701 0.00645289703514442 0.018422754709996506 -0.005516960639707664
4751 0.006361437508682073 0.018025390530372075 -0.005302515513007927
4801 0.006165918626296992 0.017515176856879172 -0.005183339604285189
4851 0.006006989716727983 0.017106143545350186 -0.005092164111894221
4901 0.005892472686650233 0.016845461763210882 -0.005060516389910415
4951 0.005754114743685491 0.01653443308519684 -0.005026203597825858
5001 0.0057050296498861695 0.01619223429102275 -0.004782174991250412
5051 0.005521591958254104 0.01568383149336354 -0.004640647576855334
5101 0.005370758371673453 0.015353569259316493 -0.004612052515969586
5151 0.005291329812094328 0.014995892119558497 -0.00441323249536984
5201 0.005080665128106703 0.014477206123781956 -0.004315875867568551
5251 0.0049898640632116634 0.01428019067960935 -0.004300462553186023
5301 0.004786535516519313 0.013461204112083123 -0.003888133079044497
5351 0.004612289921044303 0.012864214723017377 -0.003639634880928771
5401 0.004530434626603386 0.012442192278781801 -0.0033813230255750277
5451 0.004274283472201558 0.011855482935411655 -0.0033069159910085405
5501 0.004226373080832432 0.011608273068849427 -0.0031555269071845624
5551 0.004206974025758563 0.01133852440953163 -0.0029245763580145025
5601 0.004128876403764413 0.011165855102147727 -0.0029081022946189014
5651 0.003914654227828841 0.01057771038142118 -0.0027484019257634973
5701 0.0038559732249658645 0.010345512477536668 -0.002633566027604939
5751 0.0036002433853895726 0.009396530085598643 -0.002196043314819498
5801 0.0035557398642204314 0.009065482794424578 -0.0019540030659837156
5851 0.003473250995328035 0.008666677460829195 -0.0017201754701731244
5901 0.0034411515792875406 0.008327833163108292 -0.001445530004533211
5951 0.0031726313440954253 0.007673175048166525 -0.0013279123599756748
6001 0.0030788060094227654 0.0072451062928786305 -0.0010874942740330996
6051 0.003040591118482338 0.007026436626552135 -0.000945254389587459
6101 0.0030501854266965383 0.006947010641709892 -0.0008466397883168156
6151 0.003024566337465278 0.006766064605923529 -0.0007169319309929729
6201 0.002929794874311837 0.006431930115186895 -0.0005723403665632214
6251 0.0028645139721237404 0.006271280589120946 -0.0005422526448734654
6301 0.0028074772547734372 0.006106141959778408 -0.0004911874502315332
6351 0.0027996089517493415 0.006082036964675628 -0.00048281906117694567
6401 0.002724793771525099 0.005926283572892953 -0.0004766960298427541
6451 0.0027102214953882028 0.005788444259682386 -0.00036800126890598056
6501 0.002693911480212712 0.005745295379776893 -0.0003574724193514691
6551 0.0026682583328433308 0.005585802945001203 -0.0002492862793145416
6601 0.0025744094756473073 0.005341282622758398 -0.0001924636714637838
6651 0.0025276836829811254 0.005182643144653414 -0.00012727577869116324
6701 0.0025291202554588547 0.005105077276143987 -4.6836765226277496e-05
6751 0.0024904030875815427 0.00490021593986781 8.059023529527519e-05
6801 0.0023959434864991714 0.004809651056022974 -1.776408302463098e-05
6851 0.002402459471785775 0.004821675002357347 -1.6756058785797126e-05
6901 0.0022420440358187736 0.004411005582370459 7.308248926708814e-05
6951 0.002201693604109331 0.004350095008277032 5.329219994162958e-05
7001 0.002167077828838192 0.004409087247570811 -7.493158989442701e-05
7051 0.0020281718163358935 0.0038784770835389236 0.00017786654913286336
7101 0.0020093607392699165 0.003869291509269846 0.00014942996926998716
7151 0.0020331714127206427 0.003922187780114711 0.00014415504532657429
7201 0.0020706276253408254 0.004027880275479075 0.00011337497520257653
7251 0.002067613017252227 0.003981079388862477 0.00015414664564197648
7301 0.002032518207844222 0.003960151011436378 0.00010488540425206551
7351 0.002091007891178694 0.004004394978657026 0.00017762080370036198
7401 0.0020618486702250506 0.0039291208631239034 0.000194576477326198
7451 0.002031395873522873 0.0037539593384397886 0.0003088324086059572
7501 0.002038695956820394 0.003746376505200542 0.00033101540844024564
7551 0.0020131253703441036 0.0036787072224665762 0.0003475435182216308
7601 0.00203905902315874 0.003723771805731942 0.000354346240585538
7651 0.0020077572285246894 0.0037688430628030622 0.00024667139424631654
7701 0.0019547256136254526 0.0035823538201328713 0.0003270974071180339
7751 0.001931868915640748 0.0035833963807340103 0.00028034145054748553
7801 0.0018295990655910642 0.0033440086963555877 0.00031518943482654067
7851 0.0018753473616308575 0.003360150188286164 0.0003905445349755509
7901 0.0018547952417174779 0.0033698789252258176 0.0003397115582091379
7951 0.0017771233099143516 0.0032286673224326216 0.0003255792973960814
8001 0.0018089820225397535 0.0033170896904260966 0.0003008743546534104
8051 0.0017803740400380572 0.003149397404156954 0.0004113506759191605
8101 0.001748426640441373 0.003092797613446661 0.00040405566743608487
8151 0.0017383644923089794 0.003045365254864896 0.00043136372975306303
8201 0.0016815140661018333 0.002833186248330586 0.0005298418838730805
8251 0.0016975619123847812 0.002831209468630921 0.0005639143561386416
8301 0.0017363356590108187 0.0028692514616048157 0.0006034198564168218
8351 0.0016851275037027583 0.0027548950735777206 0.0006153599338277963
8401 0.0016133161703139746 0.0027335580553083817 0.0004930742853195677
8451 0.0016562299426972867 0.002804965488640487 0.0005074943967540867
8501 0.0016444135257571177 0.002754107831323334 0.0005347192201909014
8551 0.0017006365597277986 0.002832369503089419 0.0005689036163661781
8601 0.0017119265528720618 0.002830214027456958 0.0005936390782871656
8651 0.0017344276294103647 0.0028333252729470988 0.0006355299858736307
8701 0.0017536403369435877 0.0028968850085149453 0.0006103956653722301
8751 0.001713029153291994 0.002797431754350873 0.0006286265522331151
8801 0.0016927754821819078 0.002711471405565816 0.0006740795587979996
8851 0.00165762501603633 0.002591825950702813 0.0007234240813698469
8901 0.0016939654482781869 0.002595640760951393 0.0007922901356049812
8951 0.0016956257036507012 0.002633362159223401 0.0007578892480780009
9001 0.0016717051624520612 0.0025396165099048646 0.0008037938149992577
9051 0.0016678333802682516 0.002516516971144747 0.0008191497893917562
9101 0.001662409488066427 0.0025792357951580926 0.0007455831809747615
9151 0.0016306683511692044 0.002533252940410256 0.0007280837619281529
9201 0.001680382372797315 0.0026440908789457057 0.0007166738666489242
9251 0.0016587096660291537 0.002557069326553901 0.0007603500055044064
9301 0.0016537528400139795 0.00258202672160197 0.0007254789584259892
9351 0.0016523872352375987 0.00249657611215531 0.0008081983583198871
9401 0.0016246161072870806 0.002465918110610843 0.0007833141039633182
9451 0.0016149078084150767 0.0024976290019695013 0.0007321866148606521
9501 0.0016301383736444094 0.002548234422279344 0.0007120423250094751
9551 0.0016109763115606838 0.0025070676885506718 0.0007148849345706958
9601 0.0015742116683221744 0.0025415763232120876 0.0006068470134322614
9651 0.0015196929550244775 0.0025117064862187535 0.0005276794238302017
9701 0.0015440099720787947 0.002500168578818685 0.0005878513653389043
9751 0.0015270312046360244 0.002553930495670334 0.0005001319136017145
9801 0.0015177884841563163 0.0025908266324828804 0.0004447503358297525
9851 0.0014970067664437548 0.0024812468828584564 0.0005127666500290532
9901 0.001526023260178404 0.00251034089083256 0.0005417056295242482
9951 0.0014783740790621728 0.002374949482020697 0.0005817986761036485
