episode mse top bottom
1 0.0473480029913633 0.0473480029913633 0.0473480029913633
51 0.04171948289076944 0.0481550581016989 0.03528390767983998
101 0.0372066619937738 0.04377342799356175 0.03063989599398585
151 0.03386459719576795 0.04154057395532517 0.026188620436210727
201 0.031677908339669464 0.03986544974131548 0.023490366938023453
251 0.02988382262112559 0.03819303156192533 0.02157461368032585
301 0.02749048488704113 0.03623298837057681 0.018747981403505448
351 0.024678328185562183 0.03286718420942597 0.016489472161698392
401 0.022752442069509972 0.03060228993777368 0.014902594201246264
451 0.01974108333007228 0.02631601441959724 0.013166152240547322
501 0.018396656283690537 0.024268018314224676 0.012525294253156396
551 0.016761278261915175 0.022371445724919576 0.011151110798910773
601 0.015220104274870236 0.020739035685324723 0.009701172864415747
651 0.013389392616196729 0.01802752077101262 0.00875126446138084
701 0.012225438374928788 0.01675021010289165 0.0077006666469659245
751 0.011408707283716273 0.015979443544667786 0.00683797102276476
801 0.010729086571802165 0.014985616821801818 0.0064725563218025126
851 0.009863684200003964 0.013795195161159903 0.005932173238848025
901 0.008886900152704828 0.012633560936098838 0.005140239369310818
951 0.00863879889695446 0.012319109952603467 0.0049584878413054525
1001 0.007841959876575736 0.011405378380943937 0.004278541372207537
1051 0.00739076140304619 0.010708486989314966 0.004073035816777413
1101 0.0068785126888910005 0.010045471923235481 0.0037115534545465205
1151 0.006714030812904959 0.009698466248532234 0.003729595377277683
1201 0.00652909715880705 0.009789993924586324 0.003268200393027776
1251 0.0063500377386245645 0.009377872767707442 0.0033222027095416874
1301 0.006082084814829017 0.009028386758246578 0.003135782871411457
1351 0.005865312216597952 0.008679890601986453 0.003050733831209452
1401 0.00576930199826651 0.00864520839096186 0.002893395605571161
1451 0.005473771905273259 0.008182459942622514 0.002765083867924004
1501 0.005294234767443481 0.007590966355206206 0.0029975031796807563
1551 0.005020697443287854 0.007662582268444862 0.0023788126181308452
1601 0.004805024178975419 0.007184059476163505 0.0024259888817873337
1651 0.0046048262997980234 0.0068145359629699625 0.002395116636626084
1701 0.004450474721011945 0.006557700979930683 0.002343248462093207
1751 0.004399949943811491 0.006547048542353761 0.002252851345269222
1801 0.004279727940097719 0.006374385799434973 0.002185070080760465
1851 0.003992758686715715 0.006095781533569985 0.0018897358398614447
1901 0.0038778982495919745 0.005907148024093322 0.0018486484750906275
1951 0.003914700315965658 0.006150549078622948 0.0016788515533083677
2001 0.0034072202514450456 0.005024224866836827 0.0017902156360532643
2051 0.003536181423920015 0.005374893251732294 0.0016974695961077364
2101 0.003525975250481726 0.0054349525389596415 0.0016169979620038102
2151 0.0037638727993341324 0.005648251902377159 0.0018794936962911058
2201 0.0037093604251700087 0.0057404854036227065 0.0016782354467173113
2251 0.0033610068813501944 0.005011108469916918 0.0017109052927834704
2301 0.003463080060742269 0.0050848091638661125 0.0018413509576184262
2351 0.0033888245713382405 0.005036583849531295 0.001741065293145186
2401 0.003588672805111534 0.005748178394106384 0.0014291672161166843
2451 0.0036757145453550715 0.005846564603092368 0.0015048644876177754
2501 0.003535963249702395 0.005759651610759329 0.0013122748886454615
2551 0.00347362708650306 0.0056493094146938296 0.0012979447583122902
2601 0.0031305828955919667 0.005002119201900625 0.0012590465892833088
2651 0.003242992239135459 0.005065583695578647 0.001420400782692271
2701 0.0029700949943679373 0.004615055722538491 0.001325134266197384
2751 0.003056708221100014 0.004604673930823486 0.0015087425113765424
2801 0.003201588511843521 0.00506744800515482 0.0013357290185322223
2851 0.0029409477041565345 0.004388099189750248 0.0014937962185628212
2901 0.003187211225020277 0.004963316110153149 0.0014111063398874048
2951 0.0034990885373206043 0.0062418445603835485 0.0007563325142576605
3001 0.003314662170709673 0.005248603957869887 0.0013807203835494591
3051 0.0032931719793526555 0.0053279861407622775 0.0012583578179430335
3101 0.0036433111620452967 0.0056551610268398295 0.0016314612972507642
3151 0.0035360274675206105 0.005435163045784498 0.0016368918892567224
3201 0.003374809924414284 0.005361233610127559 0.0013883862387010096
3251 0.0033091284827901123 0.005462435082229492 0.0011558218833507324
3301 0.0032556929144499707 0.005463531442914121 0.00104785438598582
3351 0.002947924078282405 0.0047065087661653186 0.0011893393903994918
3401 0.002784698372679946 0.004315960888315701 0.0012534358570441904
3451 0.002801777377577732 0.004364580338451114 0.00123897441670435
3501 0.0026590176648055236 0.004131467492631776 0.0011865678369792712
3551 0.002953532475731348 0.004668221131101841 0.0012388438203608549
3601 0.0030174775557566774 0.0047944231723408125 0.0012405319391725423
3651 0.0028339534423574646 0.004531254820148956 0.001136652064565973
3701 0.002878433528713876 0.004464130524888338 0.0012927365325394148
3751 0.0027144511734785988 0.004481056322174259 0.0009478460247829383
3801 0.0028688967534309714 0.004517756928848972 0.0012200365780129705
3851 0.002596731137005937 0.004342585600897217 0.0008508766731146573
3901 0.0026304886702323686 0.004392343251842092 0.0008686340886226453
3951 0.002927584760072629 0.004628366063320041 0.001226803456825217
4001 0.002717715652555476 0.004534641365866886 0.0009007899392440666
4051 0.0026144091266220755 0.003963987366795654 0.0012648308864484966
4101 0.0025869652359092467 0.004108515652532514 0.0010654148192859787
4151 0.002554175018086821 0.004136933283737291 0.0009714167524363516
4201 0.0026023862921652984 0.00416167549021978 0.0010430970941108168
4251 0.002771037717302945 0.004805696290284982 0.0007363791443209082
4301 0.0027347875973658333 0.004774289465401187 0.0006952857293304796
4351 0.002675842342323519 0.00427677939440439 0.0010749052902426475
4401 0.002580834991397179 0.004360489993818965 0.0008011799889753926
4451 0.0025626850041211096 0.003874435002156105 0.0012509350060861144
4501 0.002435030374639169 0.0038266847058351754 0.0010433760434431629
4551 0.002357323059169317 0.0037812012362945656 0.0009334448820440687
4601 0.0026974593409205905 0.004460789592871193 0.0009341290889699884
4651 0.002609718015495618 0.0042564238477624 0.0009630121832288356
4701 0.0024505735744894375 0.0039210922646860024 0.0009800548842928728
4751 0.0025690613765807805 0.00404156015528518 0.001096562597876381
4801 0.0025565337286915994 0.004077237598268476 0.0010358298591147232
4851 0.002513012286619227 0.0038075352657179727 0.0012184893075204812
4901 0.002701372004146004 0.004614179390417334 0.0007885646178746736
4951 0.0024089231536645866 0.004084044635468891 0.0007338016718602823
5001 0.0022218778207420036 0.0035301761076621226 0.0009135795338218848
5051 0.002499238459713908 0.0040961752818805194 0.0009023016375472963
5101 0.0025969143260359765 0.004264831824117474 0.0009289968279544791
5151 0.0026371710867779 0.00424517465018654 0.0010291675233692604
5201 0.002263007120266609 0.003704845446115314 0.0008211687944179044
5251 0.002602443560747254 0.004082886882926362 0.0011220002385681457
5301 0.002367413168582787 0.003856919031598879 0.000877907305566695
5351 0.002367596153287072 0.0037851473379034166 0.0009500449686707271
5401 0.002509143340906461 0.004357544525845862 0.0006607421559670602
5451 0.002275940523550299 0.003658701731042556 0.0008931793160580426
5501 0.002433124185057209 0.0038527766783784233 0.0010134716917359953
5551 0.002356335903188631 0.004138493888686272 0.0005741779176909898
5601 0.0024591141683373875 0.003911660312562384 0.001006568024112391
5651 0.002367670255852462 0.004072869653946035 0.0006624708577588892
5701 0.0025184625880122994 0.00422501384651044 0.0008119113295141584
5751 0.0024922633850377827 0.0039401281041075275 0.0010443986659680383
5801 0.0025630921220789003 0.004126761133728729 0.0009994231104290714
5851 0.002514910052823689 0.0043984348468253205 0.0006313852588220575
5901 0.002269201956063314 0.0038582448952871095 0.0006801590168395179
5951 0.002593537711889344 0.004338994870210716 0.000848080553567972
6001 0.002217840688613356 0.003550678301115188 0.0008850030761115236
6051 0.002109314228689527 0.00332917551209368 0.0008894529452853743
6101 0.002455797711162257 0.004110237316144455 0.000801358106180059
6151 0.002279400392018813 0.003838094954291096 0.0007207058297465298
6201 0.002176880355814743 0.00368715665394012 0.0006666040576893662
6251 0.0022561996335139136 0.003773267238602737 0.0007391320284250906
6301 0.002417187710436085 0.0038954889335722455 0.0009388864872999243
6351 0.002236130299390113 0.0035531553937657315 0.0009191052050144949
6401 0.0021480750164510998 0.0032754488123456684 0.001020701220556531
6451 0.0020601478135988103 0.0031684873086912486 0.000951808318506372
6501 0.0022551544818869874 0.0036970753883072477 0.0008132335754667272
6551 0.0024409536771490496 0.003847577791328099 0.0010343295629700001
6601 0.0022444341555939236 0.003653837380684484 0.0008350309305033634
6651 0.002420004669092984 0.004299377213407468 0.0005406321247785001
6701 0.002589759655930046 0.004932048267600768 0.0002474710442593245
6751 0.0020996887674534647 0.003503908954289001 0.0006954685806179284
6801 0.0019713109360350338 0.003422545754018076 0.0005200761180519915
6851 0.0020288340292949725 0.003314896148371477 0.0007427719102184678
6901 0.0022475197470289976 0.003751414825231377 0.0007436246688266185
6951 0.0024823312309364136 0.004272497833587648 0.0006921646282851792
7001 0.0023634611959326385 0.003956142520557457 0.0007707798713078205
7051 0.0022990774663777555 0.004005513194306134 0.0005926417384493766
7101 0.002335543233709701 0.003832348859200335 0.0008387376082190669
7151 0.0023828718184760464 0.004122365405872687 0.0006433782310794056
7201 0.002120581157360393 0.003540239136932865 0.0007009231777879209
7251 0.00233694297228634 0.004194734419854211 0.0004791515247184691
7301 0.0023583885057460647 0.00418954040581534 0.0005272366056767893
7351 0.0023884937559606823 0.004163882774086787 0.0006131047378345777
7401 0.0026394264787875173 0.00473419500140238 0.000544657956172655
7451 0.002280409803487744 0.003869676373137234 0.0006911432338382538
7501 0.0021826390958818768 0.0035656611171156587 0.0007996170746480946
7551 0.002200199787090272 0.003581620144203306 0.000818779429977238
7601 0.0021135805016080584 0.003608714158164285 0.0006184468450518318
7651 0.002194872866032159 0.003706316295916666 0.0006834294361476516
7701 0.002180427930720824 0.0037744700746415033 0.000586385786800145
7751 0.002068109626895748 0.0033736150027605175 0.0007626042510309782
7801 0.002047877845506786 0.003324583266212587 0.0007711724248009853
7851 0.0021122617222588676 0.0036208052271927823 0.000603718217324953
7901 0.0022023976536346846 0.0034944058152194648 0.0009103894920499045
7951 0.0018896198814546553 0.0033835087641801453 0.0003957309987291653
8001 0.002506269592386729 0.004101728843749561 0.0009108103410238966
8051 0.002341527306653819 0.004102607643234282 0.0005804469700733561
8101 0.002080229126367671 0.0033048878738390674 0.0008555703788962745
8151 0.002137745890042877 0.0038405354815030397 0.0004349562985827141
8201 0.0018600507092175218 0.003097999000001565 0.0006221024184334786
8251 0.002151566065506016 0.003572231149349509 0.0007309009816625237
8301 0.002006115962380011 0.0033891971918748 0.0006230347328852219
8351 0.0021170304971974193 0.003940077690247944 0.00029398330414689435
8401 0.0022787312132501003 0.0036957366958754994 0.000861725730624701
8451 0.0021371450771328192 0.003645543844668727 0.0006287463095969114
8501 0.0019194351685475864 0.003253466553916879 0.0005854037831782939
8551 0.002118785658633629 0.003945889717682878 0.00029168159958438086
8601 0.001923820339016173 0.0033715307315388063 0.00047610994649353953
8651 0.00218721297706123 0.003676475654689233 0.000697950299433227
8701 0.002225780728309868 0.0037633617392484825 0.0006881997173712529
8751 0.0020183959767776215 0.003651416583342605 0.0003853753702126382
8801 0.001927723331493467 0.003178781214779408 0.0006766654482075259
8851 0.0023065619469014743 0.004048906590867828 0.0005642173029351205
8901 0.002129277983958658 0.004019167518184444 0.00023938844973287214
8951 0.0021121620852111913 0.003551001013388427 0.0006733231570339557
9001 0.0020468423731291427 0.003844460787924349 0.00024922395833393654
9051 0.002140955427204571 0.0036552052473527875 0.000626705607056355
9101 0.0020030335180411594 0.003299040037467668 0.000707026998614651
9151 0.0016772446927939893 0.00278383173772503 0.0005706576478629486
9201 0.001895921189464546 0.0031910071124139666 0.0006008352665151252
9251 0.001958092032554618 0.0036406933926871536 0.0002754906724220826
9301 0.001968472999093424 0.003293728226563584 0.000643217771623264
9351 0.0019243728878902114 0.003343862165712366 0.0005048836100680564
9401 0.0023470075437114547 0.004066760110682431 0.0006272549767404787
9451 0.0020484515907149875 0.003568673897177419 0.0005282292842525565
9501 0.0020849819587177767 0.0034859649997362953 0.0006839989176992581
9551 0.001935174502273134 0.0031090776815870134 0.0007612713229592542
9601 0.0019536021714053804 0.003523906386192938 0.0003832979566178226
9651 0.0019118865820685418 0.0032287772818513846 0.0005949958822856988
9701 0.0023779032773288285 0.004305955827971286 0.0004498507266863705
9751 0.0019927013204722632 0.0033900001781690665 0.00059540246277546
9801 0.0019562512789291714 0.003281610987339436 0.000630891570518907
9851 0.0018621586603422338 0.0030730421528160326 0.0006512751678684351
9901 0.002146319519287263 0.0035551746117280297 0.0007374644268464969
9951 0.0021669398401314463 0.003792022303811148 0.0005418573764517443
