episode mse top bottom
1 0.04679832603161784 0.04992392153366627 0.043672730529569416
51 0.040057379457471474 0.04970435642834436 0.03041040248659859
101 0.03481580235638136 0.045895458045437765 0.02373614666732496
151 0.028453299682622935 0.03923386690868148 0.017672732456564387
201 0.02652977955899343 0.03758140012704303 0.01547815899094383
251 0.02320952881582513 0.03420494246821483 0.012214115163435433
301 0.020092614532918968 0.02983803984461536 0.010347189221222573
351 0.01754408366357987 0.026160920201453157 0.008927247125706585
401 0.015314273425625191 0.023043873239732417 0.007584673611517966
451 0.01443649289940375 0.02193143758183569 0.00694154821697181
501 0.013044293949324279 0.020086210587577116 0.0060023773110714435
551 0.01217218084797228 0.019087269953108443 0.005257091742836118
601 0.010630924389090293 0.016880159774154944 0.004381689004025643
651 0.009863883568237142 0.01501761347945998 0.004710153657014304
701 0.009095895512358359 0.014018946350174352 0.004172844674542366
751 0.008369548261521477 0.012588822894219916 0.004150273628823037
801 0.008107724696173787 0.012119662182533696 0.004095787209813877
851 0.007620009740517448 0.011284038084506749 0.003955981396528148
901 0.006976082396169382 0.010615854843326602 0.003336309949012161
951 0.0072951320494639045 0.010987621941595124 0.0036026421573326843
1001 0.006923448980780075 0.010692896029044392 0.003154001932515757
1051 0.006850778757586568 0.01104978588612494 0.002651771629048196
1101 0.0067355227895171295 0.010136601089256831 0.003334444489777427
1151 0.005985985683430245 0.009033321639946428 0.0029386497269140617
1201 0.006032454888649838 0.00937877305781483 0.0026861367194848463
1251 0.006406767605823281 0.009556925106242875 0.003256610105403688
1301 0.006329208558541342 0.009538633047968805 0.0031197840691138783
1351 0.006131014652449257 0.009669255721516034 0.002592773583382479
1401 0.0060849196983362615 0.009026880472261429 0.003142958924411093
1451 0.005733091679947564 0.008782640130181853 0.0026835432297132745
1501 0.0055483853140437965 0.008654049848899321 0.0024427207791882723
1551 0.0059843262029160875 0.00935303524573079 0.0026156171601013837
1601 0.006292161905115571 0.010127343111215 0.0024569806990161424
1651 0.00589475937690292 0.00919568286565195 0.0025938358881538903
1701 0.005215352745861861 0.007812338954007238 0.0026183665377164846
1751 0.005770598980773011 0.009202212156911605 0.002338985804634416
1801 0.005590730701389248 0.008396354315992257 0.00278510708678624
1851 0.005355953812267739 0.008253377172586134 0.0024585304519493447
1901 0.005875757849747788 0.00897858496253233 0.002772930736963247
1951 0.005614579096474064 0.008538178931948068 0.00269097926100006
2001 0.00544195010148248 0.008496068975162332 0.002387831227802627
2051 0.005844613961913332 0.008906029818293412 0.0027831981055332525
2101 0.005565934649448859 0.008808728082088962 0.002323141216808755
2151 0.005391205589114624 0.008465227069179423 0.002317184109049824
2201 0.005059807791183443 0.00785205920536803 0.002267556376998856
2251 0.005351320351023955 0.00829320750562609 0.0024094331964218197
2301 0.005177504556630845 0.008619317135322187 0.0017356919779395025
2351 0.005266334299100089 0.008048116492184225 0.002484552106015954
2401 0.005540757177293774 0.009252013112217529 0.0018295012423700193
2451 0.0051586519488490854 0.0083752006478311 0.0019421032498670712
2501 0.0050800841117292885 0.00783306044460027 0.0023271077788583057
2551 0.005056527182883936 0.007850349528540137 0.0022627048372277363
2601 0.0047752396073228506 0.007452597528128355 0.0020978816865173454
2651 0.004662677846719755 0.00749047602933105 0.0018348796641084594
2701 0.0052935213592671644 0.00876622154014852 0.0018208211783858072
2751 0.00532328809513605 0.008573763614102576 0.0020728125761695247
2801 0.005517997954865388 0.00852328077201165 0.0025127151377191265
2851 0.00562467638843388 0.008669613986901359 0.0025797387899664003
2901 0.005371908235228875 0.008432285303364647 0.002311531167093104
2951 0.005213679339150001 0.008627062253079236 0.0018002964252207664
3001 0.004933343039904007 0.007824543688359466 0.0020421423914485466
3051 0.005107672712155216 0.007674832343685857 0.002540513080624574
3101 0.0049886817697552014 0.00780573887679104 0.002171624662719363
3151 0.004664185402858609 0.007266293072865608 0.0020620777328516104
3201 0.004659549309581117 0.007610147812105518 0.001708950807056716
3251 0.0049376913072173186 0.008228801531717775 0.0016465810827168627
3301 0.004549472799999884 0.007300965382499921 0.0017979802174998465
3351 0.00475533544567193 0.007425789873540806 0.002084881017803054
3401 0.004562636481038848 0.007206418208770254 0.0019188547533074423
3451 0.004619203695862087 0.007139742244638732 0.0020986651470854428
3501 0.005179609084379537 0.008381451291424733 0.001977766877334342
3551 0.004603653417198572 0.007277422858915306 0.0019298839754818384
3601 0.0046438583174294255 0.007841879094200949 0.0014458375406579027
3651 0.004968322740456746 0.007658906364543758 0.0022777391163697346
3701 0.005123304174557045 0.008426244841309834 0.0018203635078042576
3751 0.004618293868272078 0.007309223193604599 0.0019273645429395579
3801 0.0048683685465774 0.007475394950860616 0.002261342142294185
3851 0.004920651566529968 0.007731928010295952 0.0021093751227639836
3901 0.004389737037997417 0.006856904550603204 0.0019225695253916298
3951 0.00475139930280265 0.007926502586335104 0.0015762960192701961
4001 0.00467304048343468 0.007699582385530489 0.0016464985813388704
4051 0.005157533223676427 0.008457409820743873 0.001857656626608981
4101 0.004890968671116908 0.007711633690368726 0.0020703036518650896
4151 0.00473351715158494 0.007692486902757776 0.001774547400412105
4201 0.004694368152248448 0.007198426957775388 0.0021903093467215084
4251 0.004549327956329051 0.007270607093929687 0.0018280488187284154
4301 0.004428849053127109 0.007380006992586772 0.0014776911136674458
4351 0.004650249084338853 0.007104480583662708 0.002196017585014998
4401 0.004864043555411786 0.00794179766713855 0.0017862894436850218
4451 0.005067421663588995 0.009028285848427936 0.0011065574787500554
4501 0.004770235122526975 0.007743475251065907 0.001796994993988043
4551 0.004237253084055144 0.006782102965035267 0.0016924032030750202
4601 0.004398953081926632 0.007087864560407019 0.0017100416034462446
4651 0.004520372198358783 0.006988061812705357 0.0020526825840122094
4701 0.005005103731671622 0.008259805907383927 0.0017504015559593176
4751 0.00443636117630378 0.007257746060049426 0.0016149762925581341
4801 0.004201488297772124 0.00658931172042085 0.0018136648751233986
4851 0.004446590326028605 0.00699516883397385 0.0018980118180833613
4901 0.004598163387199118 0.007588728826450121 0.0016075979479481146
4951 0.004521785301404292 0.00736912575354522 0.0016744448492633638
5001 0.004565814407908247 0.007093786725556002 0.002037842090260492
5051 0.004243122723913568 0.00711485794491401 0.0013713875029131256
5101 0.0043436978873954415 0.007421198686762105 0.001266197088028778
5151 0.004443858727203359 0.0070129945393872925 0.0018747229150194262
5201 0.005079445645911487 0.008191577069642825 0.0019673142221801484
5251 0.004882481161753886 0.007918718990481018 0.001846243333026752
5301 0.004511118233812395 0.007004264988058059 0.0020179714795667317
5351 0.004308454586817468 0.006660567783872403 0.0019563413897625325
5401 0.004254712594747937 0.007194649930823648 0.0013147752586722245
5451 0.004203980889726508 0.0064724199267696325 0.0019355418526833838
5501 0.0046224699870183236 0.007716279540160775 0.0015286604338758721
5551 0.004441101478422236 0.007015852598038771 0.0018663503588057014
5601 0.004191848030221409 0.0063436895056944685 0.0020400065547483497
5651 0.004247676284688282 0.007042649483125649 0.0014527030862509162
5701 0.004390468444688221 0.0070527780810841 0.001728158808292341
5751 0.004420676694139314 0.007539777304830696 0.0013015760834479313
5801 0.004238044181371766 0.006667838165318916 0.0018082501974246165
5851 0.004428739184986782 0.007231117486593414 0.0016263608833801502
5901 0.004281745895105313 0.006925607553715744 0.0016378842364948814
5951 0.004288258540912484 0.006602751675454784 0.0019737654063701838
6001 0.004905026738569949 0.008594147271853501 0.0012159062052863956
6051 0.004602703542353838 0.007930319441941443 0.0012750876427662329
6101 0.003970812615411613 0.006309276286113606 0.0016323489447096205
6151 0.003945290081801075 0.006364683942942087 0.0015258962206600637
6201 0.0044069051935757934 0.00762371809827492 0.0011900922888766667
6251 0.003938777031577024 0.006609480892035735 0.0012680731711183129
6301 0.004014470148464248 0.0065243077913223835 0.0015046325056061122
6351 0.004350877299648552 0.007210024546149223 0.0014917300531478812
6401 0.0047652262471220095 0.007991986028461878 0.0015384664657821416
6451 0.003883710192318468 0.006433929338921304 0.0013334910457156314
6501 0.0039061215601319194 0.006112430206140202 0.0016998129141236368
6551 0.004283273383845722 0.006933481077633914 0.0016330656900575306
6601 0.004551283941022508 0.007556380382692261 0.001546187499352754
6651 0.004560470371016993 0.008182095186488087 0.0009388455555458981
6701 0.004134377422863497 0.0064324997339420525 0.0018362551117849409
6751 0.004304937005887256 0.0071834125696024435 0.0014264614421720689
6801 0.0046892165590118025 0.008077102453823816 0.0013013306641997888
6851 0.004792753400322098 0.007807785296501647 0.001777721504142548
6901 0.00467905076146406 0.007510642381186301 0.0018474591417418193
6951 0.004646942779183487 0.008279124103139709 0.001014761455227265
7001 0.004140569785186557 0.006577096771453775 0.0017040427989193376
7051 0.004300590024828717 0.006800936272024124 0.0018002437776333097
7101 0.004325110647924887 0.006891919211442008 0.0017583020844077674
7151 0.0039126830246802215 0.00640574966161706 0.0014196163877433828
7201 0.004313914181448891 0.007188405909501339 0.0014394224533964424
7251 0.004573941513858374 0.007166182847990164 0.0019817001797265837
7301 0.0044104482724002594 0.007396323846924508 0.0014245726978760116
7351 0.004028859243028206 0.006737922452214674 0.0013197960338417383
7401 0.004733392642994758 0.007547947435128346 0.001918837850861169
7451 0.0042455642010117535 0.0067623970252275525 0.001728731376795955
7501 0.003739614005040369 0.006107817972370901 0.0013714100377098374
7551 0.003763004023291688 0.006251198588231085 0.0012748094583522906
7601 0.004188879037182544 0.0065848561309321315 0.0017929019434329567
7651 0.004046782794180037 0.00688620643201476 0.001207359156345315
7701 0.004145488492222735 0.007067427014123438 0.001223549970322032
7751 0.004055708321446873 0.00662238193495094 0.001489034707942807
7801 0.004138258027286416 0.006656886536365172 0.0016196295182076595
7851 0.004206853062401324 0.007137598750261604 0.0012761073745410434
7901 0.003848578394984996 0.006252323106289063 0.0014448336836809287
7951 0.004023888043777316 0.006777610671618566 0.0012701654159360657
8001 0.004307806606422514 0.0069811069579225 0.0016345062549225275
8051 0.004512782873670977 0.0077088640840187045 0.0013167016633232483
8101 0.004615073111630734 0.007891990050234082 0.0013381561730273863
8151 0.004330913245676301 0.007023401652459554 0.0016384248388930482
8201 0.004862568013971388 0.008248789265294511 0.001476346762648264
8251 0.004540702553757487 0.007399428402146698 0.001681976705368275
8301 0.004541359851291009 0.0078898728434833 0.0011928468590987175
8351 0.004558992720055534 0.0076263222565641255 0.0014916631835469422
8401 0.004354910828206242 0.00755705133261462 0.0011527703237978644
8451 0.003722813230029225 0.00635273696716472 0.0010928894928937298
8501 0.004603549014233319 0.007791215393686251 0.0014158826347803865
8551 0.004539441431303604 0.007307546518772537 0.0017713363438346713
8601 0.003931160961288037 0.006193449253822979 0.0016688726687530955
8651 0.004119359525090355 0.006545641193412131 0.0016930778567685791
8701 0.004380600397270196 0.007502266729644469 0.001258934064895923
8751 0.004526878823320393 0.007398560763973126 0.0016551968826676593
8801 0.00399031692236302 0.0063560286380338425 0.001624605206692197
8851 0.004256466302065236 0.007368059722394672 0.0011448728817358006
8901 0.004094064381769182 0.006965390038807676 0.0012227387247306883
8951 0.004647037131354839 0.007437837813162006 0.0018562364495476723
9001 0.004188353516756237 0.006988155361859703 0.0013885516716527716
9051 0.004275055384414746 0.006582434622077518 0.0019676761467519754
9101 0.004675959195615829 0.007922107348619698 0.0014298110426119587
9151 0.0044562160831018984 0.007141283663604645 0.0017711485025991513
9201 0.004486386619214702 0.007342927562902793 0.0016298456755266116
9251 0.0040529005448750564 0.0069113967807156946 0.0011944043090344183
9301 0.0040918227963565295 0.006445272931951025 0.0017383726607620334
9351 0.004101521660139447 0.006636547572689758 0.0015664957475891362
9401 0.004090863182138555 0.0075023152026949935 0.000679411161582117
9451 0.004135475449994524 0.00708956240536726 0.0011813884946217873
9501 0.0041868073402321635 0.00740351257817956 0.0009701021022847671
9551 0.003997716242837287 0.00675675262699932 0.001238679858675254
9601 0.004231379803790923 0.006646689335375645 0.0018160702722062015
9651 0.0044708131475965085 0.007916161845673337 0.0010254644495196808
9701 0.0040061951887020286 0.0064604940646448734 0.0015518963127591837
9751 0.004126603515881551 0.00656043216432246 0.0016927748674406425
9801 0.003795730796851588 0.006275178571013366 0.0013162830226898094
9851 0.004499862941007588 0.007417459685538366 0.0015822661964768102
9901 0.004216481725345702 0.006974623837611328 0.0014583396130800766
9951 0.004394745851228947 0.007712161132373481 0.0010773305700844137
