episode steps
0 8434.362
1 8144.808
2 7878.201000000001
3 7600.026
4 7243.728999999999
5 6912.062000000001
6 6504.471
7 6109.205000000001
8 5721.6050000000005
9 5311.966
10 4979.586
11 4692.7519999999995
12 4430.179
13 4166.197000000001
14 3988.8280000000004
15 3779.6270000000004
16 3644.1439999999993
17 3504.8350000000005
18 3395.9790000000003
19 3292.659000000001
20 3173.4380000000006
21 3108.7510000000007
22 2957.3570000000004
23 2847.589
24 2730.1220000000003
25 2610.674
26 2537.597
27 2537.883
28 2485.623
29 2389.478
30 2300.093
31 2186.797
32 2143.261
33 2134.389
34 2091.643
35 2058.331
36 1988.716
37 1913.5719999999997
38 1867.458
39 1844.167
40 1784.726
41 1760.015
42 1744.3169999999998
43 1721.841
44 1689.282
45 1671.6680000000003
46 1658.2800000000002
47 1616.698
48 1584.796
49 1551.5059999999999
50 1543.4379999999999
51 1533.3529999999998
52 1511.6239999999998
53 1488.3359999999998
54 1477.8039999999999
55 1452.138
56 1425.1979999999999
57 1396.628
58 1380.0339999999999
59 1353.9989999999998
60 1352.1009999999999
61 1323.6519999999998
62 1298.932
63 1279.6529999999998
64 1281.0439999999999
65 1281.153
66 1286.854
67 1282.6879999999999
68 1263.274
69 1262.602
70 1239.923
71 1238.319
72 1211.0900000000001
73 1192.337
74 1168.318
75 1149.949
76 1128.8560000000002
77 1114.7379999999998
78 1111.6979999999999
79 1116.472
80 1124.934
81 1114.393
82 1115.5130000000001
83 1109.301
84 1101.4519999999998
85 1091.3629999999998
86 1082.365
87 1078.652
88 1076.7589999999998
89 1039.025
90 1006.0529999999999
91 1001.2059999999999
92 996.384
93 992.3889999999999
94 982.6970000000001
95 979.9890000000003
96 977.0260000000002
97 969.1880000000001
98 960.1900000000002
99 968.3380000000001
100 964.749
101 958.893
102 945.4960000000001
103 942.8079999999998
104 920.235
105 903.3
106 889.9870000000001
107 873.0799999999999
108 865.525
109 868.485
110 865.5029999999999
111 857.2959999999999
112 847.207
113 846.3279999999999
114 858.3369999999999
115 859.378
116 860.7230000000002
117 865.8489999999999
118 853.7149999999999
119 836.359
120 829.875
121 819.9950000000001
122 827.9900000000001
123 815.7070000000001
124 814.336
125 804.351
126 807.443
127 800.8219999999999
128 807.155
129 798.152
130 800.0120000000001
131 796.443
132 789.577
133 798.092
134 791.726
135 794.268
136 790.3889999999999
137 791.6669999999999
138 781.7090000000001
139 779.02
140 770.0040000000001
141 768.561
142 770.7860000000001
143 764.4000000000001
144 755.1020000000001
145 751.577
146 746.6410000000001
147 736.326
148 741.0409999999999
149 745.807
150 753.5609999999999
151 766.665
152 761.7769999999999
153 751.8810000000001
154 751.91
155 741.2360000000001
156 730.422
157 732.976
158 719.597
159 718.448
160 712.883
161 699.217
162 682.9430000000001
163 686.133
164 689.2389999999999
165 696.05
166 697.0779999999999
167 698.3189999999998
168 701.1189999999999
169 694.2880000000001
170 688.761
171 680.317
172 692.5869999999999
173 691.0239999999999
174 674.4379999999999
175 667.6739999999999
176 671.992
177 665.0849999999999
178 666.6099999999999
179 661.983
180 653.883
181 660.809
182 657.838
183 663.007
184 677.9
185 677.7790000000001
186 677.1780000000001
187 671.862
188 675.871
189 674.3309999999999
190 697.893
191 684.901
192 677.8439999999998
193 667.1700000000001
194 656.6
195 654.0609999999999
196 646.7220000000001
197 655.609
198 645.671
199 649.075
200 638.297
201 655.026
202 653.116
203 652.828
204 654.75
205 656.17
206 656.635
207 648.5029999999999
208 640.9939999999999
209 640.2860000000001
210 638.8340000000001
211 627.773
212 630.159
213 628.5040000000001
214 618.644
215 614.3100000000001
216 611.633
217 609.163
218 616.2810000000001
219 616.7300000000001
220 611.785
221 615.595
222 612.43
223 608.14
224 619.3109999999999
225 619.927
226 618.8149999999999
227 621.5349999999999
228 617.7669999999999
229 608.925
230 612.01
231 601.3290000000001
232 600.652
233 598.9860000000001
234 601.202
235 603.363
236 601.2549999999999
237 601.8880000000001
238 604.858
239 605.3399999999999
240 607.3169999999999
241 615.809
242 615.92
243 610.708
244 604.597
245 602.653
246 609.9639999999999
247 605.2099999999999
248 603.4150000000001
249 602.976
250 598.646
251 595.7979999999999
252 593.3839999999998
253 594.816
254 586.5150000000001
255 582.0630000000001
256 575.573
257 577.1310000000001
258 570.2729999999999
259 569.5470000000001
260 562.5050000000001
261 559.9590000000001
262 559.91
263 574.572
264 579.9649999999999
265 582.0200000000001
266 576.141
267 570.3909999999998
268 562.712
269 566.202
270 573.103
271 576.87
272 578.5289999999999
273 567.973
274 565.049
275 563.266
276 571.934
277 570.2929999999999
278 575.953
279 573.1590000000001
280 564.7740000000001
281 549.317
282 540.893
283 536.4290000000001
284 537.2729999999999
285 541.796
286 529.499
287 535.9979999999999
288 538.781
289 546.9739999999999
290 551.899
291 556.481
292 557.507
293 558.526
294 559.406
295 551.651
296 558.5200000000001
297 553.625
298 551.367
299 543.3870000000001
300 545.176
301 546.3570000000001
302 551.049
303 555.3499999999999
304 543.6290000000001
305 547.0690000000001
306 537.774
307 538.9219999999999
308 537.735
309 534.2549999999999
310 520.0620000000001
311 517.8199999999999
312 500.7320000000001
313 491.247
314 493.343
315 487.78599999999994
316 489.241
317 484.05999999999995
318 476.5
319 474.666
320 484.2099999999999
321 485.396
322 498.73499999999996
323 501.75200000000007
324 502.678
325 503.822
326 506.684
327 507.889
328 514.7990000000001
329 512.326
330 512.5129999999999
331 508.77199999999993
332 511.2580000000001
333 512.693
334 515.3990000000001
335 518.069
336 520.1949999999999
337 523.28
338 524.7
339 525.386
340 527.9979999999999
341 542.125
342 540.379
343 540.481
344 538.893
345 532.134
346 529.6039999999999
347 524.952
348 518.538
349 520.14
350 507.26599999999996
351 495.95400000000006
352 492.611
353 489.158
354 485.596
355 487.65200000000004
356 484.4050000000001
357 489.08899999999994
358 490.151
359 492.3450000000001
360 501.45
361 496.42600000000004
362 497.21500000000003
363 502.1240000000001
364 504.0000000000001
365 502.18799999999993
366 501.496
367 493.88599999999997
368 491.338
369 482.47799999999995
370 474.267
371 477.34900000000005
372 473.91799999999995
373 469.866
374 472.608
375 471.977
376 468.8169999999999
377 475.58900000000006
378 479.85600000000005
379 485.758
380 488.206
381 486.6940000000001
382 485.91799999999995
383 483.29799999999994
384 473.591
385 476.3929999999999
386 480.678
387 476.68999999999994
388 480.3570000000001
389 480.6700000000001
390 481.0010000000001
391 480.826
392 486.698
393 486.13199999999995
394 488.88800000000003
395 489.725
396 492.477
397 498.052
398 490.11499999999995
399 485.58000000000004
400 484.14099999999996
401 482.15600000000006
402 481.6809999999999
403 481.59400000000005
404 481.746
405 469.573
406 458.079
407 451.63199999999995
408 453.34800000000007
409 454.401
410 450.713
411 455.67299999999994
412 444.09700000000004
413 444.53599999999994
414 445.25
415 453.81000000000006
416 459.88800000000003
417 455.72800000000007
418 456.7789999999999
419 457.14699999999993
420 460.1089999999999
421 458.37
422 462.072
423 457.242
424 456.62800000000004
425 457.82700000000006
426 458.06800000000004
427 455.799
428 455.23400000000004
429 448.8620000000001
430 448.224
431 445.34800000000007
432 442.823
433 447.48400000000004
434 448.31100000000004
435 443.634
436 447.54499999999996
437 451.799
438 448.729
439 449.284
440 447.817
441 447.26899999999995
442 448.01599999999996
443 443.92300000000006
444 443.851
445 446.5559999999999
446 444.05099999999993
447 441.117
448 436.157
449 442.51099999999997
450 439.85200000000003
451 440.5799999999999
452 434.98900000000003
453 440.13
454 442.14400000000006
455 437.77
456 436.14400000000006
457 440.668
458 441.154
459 435.67599999999993
460 440.54499999999996
461 439.91399999999993
462 447.05699999999996
463 442.343
464 437.429
465 441.117
466 432.174
467 427.966
468 427.183
469 430.2030000000001
470 429.47200000000004
471 435.043
472 428.744
473 427.45799999999997
474 431.246
475 427.62700000000007
476 436.358
477 435.963
478 442.83000000000004
479 444.92599999999993
480 443.62699999999995
481 435.671
482 442.849
483 442.075
484 440.21099999999996
485 441.529
486 433.162
487 435.179
488 435.92299999999994
489 436.4959999999999
