episode steps
0 6609.017999999999
1 6208.6309999999985
2 5884.005999999999
3 5570.795999999999
4 5217.118999999999
5 4944.945
6 4594.737999999999
7 4386.048999999999
8 4148.339999999999
9 3973.7889999999998
10 3795.668
11 3624.1440000000002
12 3503.507
13 3480.4630000000006
14 3388.014
15 3288.0449999999996
16 3260.328
17 3221.399999999999
18 3187.834
19 3144.3709999999996
20 3171.7079999999996
21 3195.0989999999997
22 3150.809
23 3062.8630000000003
24 3062.8770000000004
25 3079.02
26 3022.969
27 3000.982
28 2983.199
29 2994.8450000000003
30 2943.512
31 2880.781
32 2877.576
33 2878.7709999999997
34 2905.2670000000003
35 2872.824
36 2883.495
37 2875.4100000000003
38 2827.582
39 2806.268
40 2809.397
41 2846.8070000000002
42 2863.371
43 2849.869
44 2828.549
45 2840.7980000000002
46 2787.412
47 2728.801
48 2712.318
49 2705.507
50 2710.3959999999997
51 2669.463
52 2600.117
53 2607.058
54 2576.1960000000004
55 2582.779
56 2612.732
57 2652.536
58 2691.4109999999996
59 2718.4669999999996
60 2733.435
61 2732.3419999999996
62 2724.8589999999995
63 2703.5449999999996
64 2680.644
65 2619.8229999999994
66 2605.5629999999996
67 2602.524
68 2611.725
69 2601.3319999999994
70 2611.624
71 2648.192
72 2674.116
73 2671.315
74 2685.2050000000004
75 2707.2380000000003
76 2692.894
77 2639.607
78 2581.1850000000004
79 2535.6369999999997
80 2447.762
81 2365.883
82 2328.8799999999997
83 2304.381
84 2289.417
85 2289.489
86 2333.9759999999997
87 2344.7949999999996
88 2347.1580000000004
89 2350.6940000000004
90 2387.6270000000004
91 2431.022
92 2464.5029999999997
93 2487.668
94 2516.932
95 2566.533
96 2626.441
97 2678.521
98 2764.221
99 2753.182
100 2795.833
101 2804.833
102 2865.1910000000003
103 2836.404
104 2813.3499999999995
105 2815.704
106 2789.0919999999996
107 2751.2819999999997
108 2707.2870000000003
109 2764.67
110 2754.022
111 2755.077
112 2671.0179999999996
113 2700.2799999999997
114 2729.542
115 2692.868
116 2661.227
117 2669.4880000000003
118 2667.673
119 2627.625
120 2594.002
121 2634.424
122 2641.7159999999994
123 2653.548
124 2688.3540000000003
125 2738.5080000000003
126 2688.946
127 2650.109
128 2657.972
129 2668.6130000000003
130 2710.1009999999997
131 2618.728
132 2624.409
133 2631.516
134 2553.1220000000003
135 2536.691
136 2551.66
137 2624.8469999999998
138 2668.8489999999997
139 2684.6020000000003
140 2645.3
141 2733.909
142 2813.069
143 2803.441
144 2796.738
145 2746.396
146 2745.5210000000006
147 2723.9930000000004
148 2701.152000000001
149 2718.846
150 2745.806
151 2715.324
152 2673.076
153 2626.248
154 2649.88
155 2631.7709999999997
156 2628.3450000000003
157 2618.039
158 2584.746
159 2580.5099999999998
160 2590.579
161 2554.007
162 2560.1279999999997
163 2618.412
164 2646.9539999999997
165 2700.718
166 2740.171
167 2734.696
168 2774.3009999999995
169 2819.863
170 2849.0369999999994
171 2883.5879999999997
172 2913.448
173 2961.774
174 2978.7229999999995
175 2953.396
176 2983.718
177 2995.234
178 2986.7079999999996
179 2917.8329999999996
180 2869.747999999999
181 2836.794999999999
182 2835.0919999999996
183 2736.391
184 2749.068
185 2762.1100000000006
186 2761.4010000000003
187 2779.7599999999998
188 2762.3589999999995
189 2771.402
190 2780.8979999999997
191 2799.959
192 2699.095
193 2714.5999999999995
194 2677.048
195 2625.88
196 2592.6710000000003
197 2549.1710000000003
198 2538.04
199 2542.6590000000006
200 2531.9410000000003
201 2515.7680000000005
202 2604.99
203 2629.213
204 2640.279
205 2716.8140000000003
206 2722.833
207 2781.9350000000004
208 2835.6099999999997
209 2886.014
210 2908.3880000000004
211 2955.76
212 2936.416
213 2988.0630000000006
214 2983.8820000000005
215 2992.764
216 2990.2200000000003
217 2994.005
218 2954.518
219 2927.65
220 2899.577
221 2883.567
222 2881.6049999999996
223 2870.194
224 2895.866
225 2886.093
226 2892.802
227 2849.17
228 2892.344
229 2831.3039999999996
230 2885.969
231 2843.869
232 2857.882
233 2771.618
234 2713.6530000000002
235 2716.51
236 2646.047
237 2642.6189999999997
238 2584.739
239 2623.911
240 2578.2920000000004
241 2596.858
242 2544.1229999999996
243 2552.1050000000005
244 2574.234
245 2551.1240000000007
246 2639.1089999999995
247 2645.1040000000003
248 2690.987
249 2680.339
250 2723.0069999999996
251 2734.353
252 2741.7819999999997
253 2798.3419999999996
254 2766.9849999999997
255 2743.963
256 2716.9919999999997
257 2716.669
258 2651.2960000000003
259 2626.3120000000004
260 2542.1079999999997
261 2517.5589999999997
262 2493.077
263 2454.1420000000003
264 2465.246
265 2424.05
266 2418.888
267 2397.1690000000003
268 2378.662
269 2365.763
270 2366.518
271 2383.9369999999994
272 2399.528
273 2400.1089999999995
274 2414.102
275 2473.029
276 2443.483
277 2425.169
278 2458.3399999999997
279 2489.5370000000003
280 2499.328
281 2473.793
282 2454.636
283 2392.9829999999997
284 2369.09
285 2359.2799999999997
286 2353.0919999999996
287 2406.921
288 2399.5150000000003
289 2372.4369999999994
290 2338.751
291 2340.69
292 2353.1150000000002
293 2361.0350000000003
294 2341.0
295 2354.425
296 2370.065
297 2315.219
298 2259.977
299 2264.5510000000004
300 2257.475
301 2254.817
302 2209.694
303 2210.85
304 2216.041
305 2173.825
306 2140.683
307 2174.8089999999997
308 2209.6179999999995
309 2215.421
310 2255.7909999999997
311 2245.031
312 2275.381
313 2320.434
314 2332.904
315 2366.036
316 2349.043
317 2357.174
318 2340.135
319 2381.363
320 2388.84
321 2382.779
322 2367.89
323 2380.6699999999996
324 2381.081
325 2352.155
326 2404.023
327 2382.866
328 2393.4840000000004
329 2367.745
330 2323.33
331 2329.916
332 2355.0389999999998
333 2372.7349999999997
334 2388.972
335 2393.721
336 2391.821
337 2380.3779999999997
338 2445.553
339 2434.695
340 2486.7909999999997
341 2474.4730000000004
342 2483.0599999999995
343 2485.7849999999994
344 2474.9739999999997
345 2428.9369999999994
346 2431.1749999999997
347 2412.6439999999993
348 2342.312
349 2329.38
350 2289.486
351 2296.4399999999996
352 2280.239
353 2236.232
354 2211.6609999999996
355 2249.8990000000003
356 2191.1490000000003
357 2226.6330000000003
358 2242.951
359 2217.5420000000004
360 2203.011
361 2219.368
362 2192.83
363 2186.294
364 2193.275
365 2188.363
366 2197.7760000000003
367 2171.8199999999997
368 2156.3340000000003
369 2177.251
370 2183.996
371 2208.719
372 2212.745
373 2176.763
374 2173.541
375 2140.155
376 2156.0340000000006
377 2137.5150000000003
378 2151.5190000000002
379 2134.536
380 2125.83
381 2085.691
382 2096.647
383 2094.176
384 2070.987
385 2074.2210000000005
386 2093.112
387 2093.3630000000003
388 2079.039
389 2069.5750000000003
390 2056.437
391 2014.011
392 2003.931
393 2019.9950000000001
394 2040.5130000000001
395 2041.039
396 2018.2449999999997
397 2040.521
398 2045.042
399 2087.217
400 2144.411
401 2215.3689999999997
402 2217.9610000000002
403 2234.31
404 2219.967
405 2238.852
406 2214.29
407 2185.2439999999997
408 2158.418
409 2120.717
410 2106.471
411 2115.017
412 2102.416
413 2114.25
414 2121.8190000000004
415 2130.259
416 2115.527
417 2109.018
418 2114.068
419 2132.218
420 2122.297
421 2095.299
422 2123.6769999999997
423 2090.939
424 2080.106
425 2056.0130000000004
426 2045.5900000000001
427 2057.884
428 2052.053
429 1984.9759999999999
430 1942.9389999999999
431 1903.687
432 1919.423
433 1927.8329999999999
434 1928.9729999999995
435 1911.1810000000005
436 1932.9510000000002
437 1906.7100000000003
438 1922.884
439 1972.6239999999998
440 1976.2049999999995
441 2027.631
442 2048.1259999999997
443 2071.151
444 2064.638
445 2110.76
446 2139.4
447 2183.141
448 2194.812
449 2164.022
450 2212.951
451 2171.5249999999996
452 2126.995
453 2115.2799999999997
454 2146.501
455 2115.63
456 2112.5150000000003
457 2085.811
458 2093.7169999999996
459 2084.2480000000005
460 2054.178
461 2077.465
462 2066.889
463 2056.459
464 2031.185
465 2025.244
466 2007.039
467 2009.843
468 1957.7509999999997
469 2011.0409999999997
470 1987.0510000000002
471 2001.173
472 1969.0319999999997
473 1973.7340000000004
474 1955.882
475 1964.904
476 1939.5270000000005
477 1958.3700000000001
478 1977.0869999999995
479 1950.3020000000001
480 2028.2809999999997
481 1974.337
482 2005.904
483 1978.9969999999998
484 2056.4890000000005
485 2080.6910000000003
486 2077.4610000000002
487 2069.1150000000002
488 2061.646
489 2068.297
