sweep delta
1 103.54004114866257
31 14.505036583174956
61 14.42665553601239
91 14.330738426113612
121 14.234834754445274
151 14.139554172660155
181 14.044910694964074
211 13.950900692889263
241 13.857519948583558
271 13.764764250875487
301 13.672629416025302
331 13.58111128827295
361 13.490205739670273
391 13.399908669901379
421 13.310216006097107
451 13.221123702648583
481 13.132627741026226
511 13.0447241296024
541 12.957408903461328
571 12.870678124230835
601 12.784527879899542
631 12.698954284638603
661 12.613953478636176
691 12.529521627906433
721 12.445654924133123
751 12.362349584489493
781 12.279601851469124
811 12.197407992716762
841 12.115764300857336
871 12.034667093335884
901 11.954112712242932
931 11.874097524156241
961 11.794617919969824
991 11.715670314737508
1021 11.63725114751287
1051 11.559356881180065
1081 11.481984002299214
1111 11.405129020946333
1141 11.328788470565996
1171 11.252958907794891
1201 11.177636912325397
1231 11.102819086743693
1261 11.02850205636787
1291 10.95468246911696
1321 10.881356995341775
1351 10.808522327672108
1381 10.73617518089668
1411 10.66431229177033
1441 10.59293041890487
1471 10.522026342601748
1501 10.451596864721068
1531 10.381638808517891
1561 10.312149018525815
1591 10.24312436038963
1621 10.174561720734346
1651 10.10645800702332
1681 10.038810147430922
1711 9.971615090678824
1741 9.904869805919589
1771 9.838571282591147
1801 9.772716530285834
1831 9.707302578612143
1861 9.64232647704921
1891 9.577785294844944
1921 9.513676120848686
1951 9.449996063405706
1981 9.386742250204406
2011 9.323911828181735
2041 9.261501963341289
2071 9.199509840680548
2101 9.137932664023538
2131 9.07676765592987
2161 9.016012057523767
2191 8.955663128421293
2221 8.895718146559375
2251 8.836174408112129
2281 8.777029227348976
2311 8.718279936510953
2341 8.65992388569066
2371 8.601958442730393
2401 8.544380993091181
2431 8.48718893971818
2461 8.430379702956998
2491 8.373950720411813
2521 8.317899446839874
2551 8.262223354038724
2581 8.206919930722506
2611 8.151986682416464
2641 8.0974211313478
2671 8.043220816321991
2701 7.989383292624552
2731 7.9359061318973545
2761 7.882786922040395
2791 7.830023267102661
2821 7.777612787169346
2851 7.725553118249081
2881 7.673841912175703
2911 7.622476836517308
2941 7.571455574427091
2971 7.520775824577868
3001 7.470435301056568
3031 7.42043173323691
3061 7.370762865706638
3091 7.321426458122005
3121 7.272420285167755
3151 7.22374213639705
3181 7.175389816184179
3211 7.127361143575399
3241 7.079653952241642
3271 7.032266090311168
3301 6.98519542037684
3331 6.938439819285122
3361 6.891997178114252
3391 6.845865402072377
3421 6.8000424103520345
3451 6.754526136115601
3481 6.70931452633522
3511 6.664405541727319
3541 6.6197971566725755
3571 6.575487359084946
3601 6.5314741503680125
3631 6.487755545298569
3661 6.444329571939306
3691 6.401194271544227
3721 6.358347698485886
3751 6.315787920175353
3781 6.273513016923971
3811 6.231521081914252
3841 6.18981022110529
3871 6.148378553116345
3901 6.107224209146807
3931 6.066345332932542
3961 6.025740080629475
3991 5.9854066207117285
4021 5.945343133935239
4051 5.9055478132286225
4081 5.866018863613135
4111 5.8267545021444676
4141 5.787752957767225
4171 5.749012471314927
4201 5.71053129540087
4231 5.67230769431626
4261 5.634339943964733
4291 5.5966263318186975
4321 5.559165156795643
4351 5.521954729192657
4381 5.484993370635493
4411 5.448279413947603
4441 5.411811203171965
4471 5.375587093389186
4501 5.339605450688396
4531 5.303864652130869
4561 5.26836308559723
4591 5.233099149802001
4621 5.198071254140814
4651 5.163277818690403
4681 5.128717274070368
4711 5.094388061421341
4741 5.060288632310403
4771 5.026417448694701
4801 4.992772982790484
4831 4.959353717058548
4861 4.9261581441169255
4891 4.893184766675404
4921 4.860432097455487
4951 4.82789865914674
4981 4.795582984319481
5011 4.763483615373843
5041 4.731599104437919
5071 4.699928013360477
5101 4.668468913638208
5131 4.637220386284753
5161 4.6061810218088794
5191 4.5753494201926515
5221 4.544724190760462
5251 4.514303952157206
5281 4.484087332282797
5311 4.454072968197579
5341 4.424259506093222
5371 4.394645601234515
5401 4.365229917879333
5431 4.336011129220424
5461 4.3069879173490335
5491 4.278158973145764
5521 4.249522996295127
5551 4.22107869516185
5581 4.192824786739948
5611 4.1647599966599955
5641 4.136883059036336
5671 4.109192716459802
5701 4.081687719983165
5731 4.054366828961065
5761 4.027228811093664
5791 4.000272442310234
5821 3.973496506732772
5851 3.9468997966323514
5881 3.92048111234908
5911 3.8942392622702755
5941 3.8681730627431534
5971 3.8422813380748266
6001 3.8165629203722347
6031 3.791016649614903
6061 3.7656413735458045
6091 3.7404359475913225
6121 3.715399234875804
6151 3.6905301060760394
6181 3.6658274395012995
6211 3.641290120918711
6241 3.616917043560534
6271 3.5927071080659516
6301 3.568659222473798
6331 3.5447723020624835
6361 3.521045269430033
6391 3.497477054334013
6421 3.4740665937715676
6451 3.450812831768417
6481 3.4277147194734425
6511 3.404771215034998
6541 3.3819812836009078
6571 3.359343897202052
6601 3.3368580347887473
6631 3.3145226821070537
6661 3.292336831749708
6691 3.2702994830033276
6721 3.2484096418629633
6751 3.226666320981167
6781 3.205068539638887
6811 3.1836153236508835
6841 3.162305705351173
6871 3.1411387235930306
6901 3.1201134236107464
6931 3.099228857056005
6961 3.0784840819396777
6991 3.0578781625663396
7021 3.037410169483337
7051 3.0170791794807883
7081 2.9968842755260994
7111 2.9768245467348606
7141 2.956899088298087
7171 2.937107001467666
7201 2.9174473935345304
7231 2.8979193777340697
7261 2.878522073253407
7291 2.8592546051731915
7321 2.8401161044312175
7351 2.82110570777877
7381 2.802222557744244
7411 2.7834658026113175
7441 2.7648345963389147
7471 2.7463280985684833
7501 2.72794547455851
7531 2.709685895155417
7561 2.691548536764458
7591 2.673532581276959
7621 2.6556372161139734
7651 2.63786163405166
7681 2.620205033366801
7711 2.6026666176185245
7741 2.585245595764718
7771 2.5679411819874076
7801 2.550752595801896
7831 2.5336790619039675
7861 2.5167198101698887
7891 2.4998740756564075
7921 2.4831410985498223
7951 2.466520124100498
7981 2.4500104025937617
8011 2.4336111893790076
8041 2.4173217447532807
8071 2.401141333990381
8101 2.3850692272535525
8131 2.369104699602758
8161 2.3532470309728524
8191 2.3374955061008222
8221 2.3218494144894066
8251 2.3063080504362006
8281 2.2908707129390677
8311 2.2755367056961404
8341 2.260305337040336
8371 2.245175919997564
8401 2.2301477721193805
8431 2.215220215577574
8461 2.2003925770550268
8491 2.185664187738439
8521 2.171034383311053
8551 2.156502503894444
8581 2.1420678940194193
8611 2.1277299025969114
8641 2.1134878829325316
8671 2.0993411926174304
8701 2.0852891935719526
8731 2.0713312519874307
8761 2.0574667382607004
8791 2.0436950270523084
8821 2.0300154971773736
8851 2.0164275316201383
8881 2.002930517490313
8911 1.989523845986696
8941 1.97620691244083
8971 1.9629791161423782
9001 1.9498398604773683
9031 1.9367885527899489
9061 1.9238246043969411
9091 1.9109474305441836
9121 1.8981564504210837
9151 1.8854510870878585
9181 1.8728307674464304
9211 1.8602949222840834
9241 1.8478429861424956
9271 1.8354743973832228
9301 1.823188598122215
9331 1.810985034200712
9361 1.798863155177969
9391 1.7868224142948748
9421 1.7748622684375732
9451 1.762982178159291
9481 1.7511816075930255
9511 1.7394600244879257
9541 1.7278169001147035
9571 1.7162517093165661
9601 1.7047639304655604
9631 1.693353045375261
9661 1.6820185393589782
9691 1.6707599011788261
9721 1.6595766230093432
9751 1.6484682004156639
9781 1.637434132368071
9811 1.6264739211619599
9841 1.6155870724469423
9871 1.6047730951395351
9901 1.5940315015177475
9931 1.5833618070319062
9961 1.5727635304501746
9991 1.5622361937348614
10021 1.551779322035145
10051 1.5413924437016249
10081 1.5310750902281143
10111 1.5208267962443642
10141 1.5106470995087875
10171 1.500535540864803
10201 1.4904916642117314
10231 1.480515016541176
10261 1.4706051478278823
10291 1.4607616111024981
10321 1.450983962364262
10351 1.441271760595555
10381 1.4316245677109691
10411 1.4220419485936873
10441 1.4125234710081713
10471 1.4030687056074385
10501 1.393677225947613
10531 1.3843486084224423
10561 1.375082432256022
10591 1.3658782794955187
10621 1.3567357349966187
10651 1.3476543863798724
10681 1.3386338240161422
10711 1.329673641041154
10741 1.3207734333045664
10771 1.311932799348142
10801 1.3031513404275756
10831 1.2944286604542867
10861 1.2857643659808673
10891 1.277158066201082
10921 1.268609372935316
10951 1.260117900572368
10981 1.2516832661349326
11011 1.2433050891486346
11041 1.2349829917293391
11071 1.226716598510393
11101 1.2185055366135202
11131 1.2103494356924784
11161 1.2022479278602987
11191 1.1942006476965616
11221 1.1862072322328459
11251 1.1782673209163477
11281 1.1703805556244333
11311 1.1625465805991553
11341 1.1547650425272877
11371 1.1470355903802556
11401 1.1393578755523777
11431 1.1317315517153475
11461 1.1241562748909928
11491 1.1166317033930682
11521 1.1091574978272547
11551 1.1017333210693323
11581 1.0943588382360758
11611 1.0870337167216348
11641 1.0797576260956703
11671 1.0725302382124937
11701 1.0653512270364445
11731 1.0582202687728568
11761 1.0511370417807484
11791 1.0441012265655445
11821 1.0371125057718018
11851 1.0301705641904846
11881 1.023275088678929
11911 1.016425768219051
11941 1.009622293888242
11971 1.0028643588011619
12001 0.9961516581388423
12031 0.9894838891268591
12061 0.9828607510135043
12091 0.9762819450625102
12121 0.9697471745312214
12151 0.9632561446778709
12181 0.9568085627033724
12211 0.9504041378022521
12241 0.9440425811044406
12271 0.9377236056607217
12301 0.9314469264572836
12331 0.9252122603793396
12361 0.9190193262184039
12391 0.9128678446286358
12421 0.9067575381486677
12451 0.9006881311870529
12481 0.8946593499567825
12511 0.8886709225553204
12541 0.8827225788627402
12571 0.8768140505708288
12601 0.8709450711758109
12631 0.8651153759565204
12661 0.8593247019671253
12691 0.853572788022575
12721 0.8478593746694969
12751 0.8421842042153003
12781 0.8365470206626924
12811 0.8309475697606103
12841 0.8253855989460135
12871 0.8198608573293313
12901 0.8143730957235675
12931 0.808922066615196
12961 0.803507524120505
12991 0.7981292240074254
13021 0.7927869237028062
13051 0.7874803822414833
13081 0.782209360251727
13111 0.7769736200134503
13141 0.771772925319965
13171 0.7666070416453294
13201 0.7614757359551731
13231 0.7563787768012844
13261 0.7513159342779545
13291 0.7462869800438057
13321 0.7412916872417554
13351 0.7363298305863282
13381 0.7314011862617917
13411 0.7265055319439853
13441 0.721642646829423
13471 0.7168123115698108
13501 0.7120143082938739
13531 0.707248420585529
13561 0.7025144334838842
13591 0.6978121334541356
13621 0.6931413084093947
13651 0.6885017476452049
13681 0.683893241934129
13711 0.6793155833802302
13741 0.6747685654991074
13771 0.6702519832106191
13801 0.6657656328025041
13831 0.6613093119012774
13861 0.6568828195158858
13891 0.6524859559722245
13921 0.6481185229495168
13951 0.6437803234803141
13981 0.6394711618559086
14011 0.6351908437354723
14041 0.630939176044194
14071 0.6267159670096589
14101 0.6225210261327447
14131 0.6183541642167256
14161 0.6142151933090645
14191 0.6101039267159649
14221 0.6060201790023712
14251 0.6019637659701402
14281 0.597934504658042
14311 0.5939322133053793
14341 0.5899567114101956
14371 0.5860078196492395
14401 0.5820853598997928
14431 0.578189155254222
14461 0.5743190299544949
14491 0.5704748094431125
14521 0.5666563203412807
14551 0.562863390397979
14581 0.5590958485408919
14611 0.5553535248254775
14641 0.5516362504567951
14671 0.5479438577749534
14701 0.5442761802187306
14731 0.5406330523692304
14761 0.5370143099062261
14791 0.5334197895863326
14821 0.5298493292939384
14851 0.5263027679684456
14881 0.522779945662478
14911 0.5192807034691214
14941 0.5158048835291993
14971 0.5123523291040328
15001 0.5089228844517493
15031 0.5055163948854897
15061 0.5021327067370294
15091 0.4987716674077092
15121 0.49543312528840033
15151 0.4921169297886081
15181 0.48882293134374777
15211 0.48555098137876485
15241 0.4823009322863072
15271 0.47907263749220874
15301 0.4758659513827297
15331 0.47268072931910865
15361 0.4695168276230106
15391 0.4663741035910789
15421 0.46325241547310725
15451 0.46015162246476393
15481 0.45707158469303977
15511 0.454012163245352
15541 0.4509732201258885
15571 0.4479546182556078
15601 0.4449562214795151
15631 0.44197789454483427
15661 0.43901950314466376
15691 0.4360809138015611
15721 0.4331619939985103
15751 0.4302626120625064
15781 0.4273826372300391
15811 0.42452193958160933
15841 0.4216803900926607
15871 0.41885786059719976
15901 0.4160542237877962
15931 0.41326935318647884
15961 0.41050312320294324
15991 0.40775540905451635
16021 0.4050260868098121
16051 0.4023150333596277
16081 0.3996221264169435
16111 0.396947244531475
16141 0.39429026703874115
16171 0.39165107409644406
16201 0.3890295466699172
16231 0.38642556651029736
16261 0.38383901616180083
16291 0.3812697789617232
16321 0.3787177390186116
16351 0.37618278123409254
16381 0.37366479125921614
16411 0.3711636555090081
16441 0.3686792612061254
16471 0.36621149624261307
16501 0.3637602493399754
16531 0.3613254099327605
16561 0.3589068681758363
16591 0.35650451501714997
16621 0.35411824205948506
16651 0.3517479416914284
16681 0.3493935070000589
16711 0.3470548317854991
16741 0.3447318105463637
16771 0.3424243385234149
16801 0.3401323116195272
16831 0.33785562647972256
16861 0.3355941803820315
16891 0.3333478713320801
16921 0.3311165980339865
16951 0.3289002598176012
16981 0.3266987567185424
17011 0.3245119894418167
17041 0.32233985935454257
17071 0.32018226848595077
17101 0.3180391195055563
17131 0.31591031576681416
17161 0.3137957612198079
17191 0.311695360505837
17221 0.3096090188846574
17251 0.3075366422490333
17281 0.3054781371174613
17311 0.3034334106632741
17341 0.3014023706273292
17371 0.2993849254271481
17401 0.297380984047777
17431 0.29539045610727044
17461 0.2934132518203114
17491 0.2914492820054875
17521 0.28949845807801466
17551 0.2875606920424616
17581 0.2856358965000254
17611 0.28372398463397985
17641 0.2818248702023993
17671 0.2799384675381589
17701 0.2780646915634861
17731 0.27620345777540933
17761 0.27435468218754977
17791 0.272518281446537
17821 0.27069417270831764
17851 0.26888227368181106
17881 0.26708250265801325
17911 0.2652947784445132
17941 0.2635190204164246
17971 0.261755148487282
18001 0.26000308307266096
18031 0.25826274515566183
18061 0.2565340562359779
18091 0.25481693835172337
18121 0.2531113140430534
18151 0.25141710638126824
18181 0.24973423893243307
18211 0.24806263581558596
18241 0.24640222161542624
18271 0.24475292144779814
18301 0.24311466091603506
18331 0.24148736613278743
18361 0.2398709636836429
18391 0.23826538067078218
18421 0.2366705446765991
18451 0.23508638376370072
18481 0.23351282647490734
18511 0.23194980183325242
18541 0.23039723933470668
18571 0.22885506896273
18601 0.2273232211591676
18631 0.22580162681697402
18661 0.22429021730204113
18691 0.22278892444592202
18721 0.22129768056038301
18751 0.21981641833554022
18781 0.21834507097082678
18811 0.21688357213133713
18841 0.2154318558750674
18871 0.21398985671112314
18901 0.2125575096142711
18931 0.21113474997400772
18961 0.20972151362366276
18991 0.20831773678946774
19021 0.2069233561924193
19051 0.20553830891731195
19081 0.2041625324927736
19111 0.20279596486216178
19141 0.20143854439083952
19171 0.20009020985889947
19201 0.19875090043206
19231 0.1974205557271489
19261 0.19609911571023986
19291 0.19478652078396408
19321 0.1934827117511304
19351 0.19218762981472537
19381 0.19090121652698144
19411 0.18962341389851645
19441 0.18835416426009033
19471 0.18709341038629645
19501 0.1858410954082501
19531 0.18459716283541638
19561 0.18336155655561015
19591 0.182134220849548
19621 0.18091510033991653
19651 0.17970414004958002
19681 0.17850128535792464
19711 0.17730648200085852
19741 0.17611967610719148
19771 0.17494081413315143
19801 0.17376984288421227
19831 0.17260670958057744
19861 0.1714513617407647
19891 0.17030374724708963
19921 0.1691638143529417
19951 0.16803151162457652
19981 0.16690678799932357
20011 0.1657895927419304
20041 0.1646798754518386
20071 0.16357758609956363
20101 0.1624826749539352
20131 0.16139509261847707
20161 0.16031479004595894
20191 0.1592417185092927
20221 0.15817582960880827
20251 0.15711707526497776
20281 0.15606540772569133
20311 0.15502077955170535
20341 0.1539831436239183
20371 0.15295245313609485
20401 0.15192866161669372
20431 0.15091172286338406
20461 0.14990159102308098
20491 0.148898220519186
20521 0.14790156611707062
20551 0.14691158283676486
20581 0.14592822604754474
20611 0.14495145139517263
20641 0.14398121478006942
20671 0.14301747249555774
20701 0.142060181038687
20731 0.1411092972412007
20761 0.14016477821132867
20791 0.13922658134106314
20821 0.13829466432071058
20851 0.13736898511706386
20881 0.13644950196612626
20911 0.1355361734094913
20941 0.13462895823613508
20971 0.1337278155333479
21001 0.13283270465763053
21031 0.13194358522741823
21061 0.13106041715218453
21091 0.13018316058150958
21121 0.12931177594873589
21151 0.12844622395641636
21181 0.12758646556176245
21211 0.12673246198392007
21241 0.12588417470396962
21271 0.12504156545037404
21301 0.12420459623535862
21331 0.1233732292894274
21361 0.12254742712684674
21391 0.12172715249471366
21421 0.1209123683947837
21451 0.12010303806164302
21481 0.11929912501364015
21511 0.11850059298740234
21541 0.11770740595238749
21571 0.11691952813998796
21601 0.11613692399987485
21631 0.1153595582509297
21661 0.11458739581576083
21691 0.11382040186435916
21721 0.11305854182865005
21751 0.11230178130790591
21781 0.1115500861997134
21811 0.11080342257628217
21841 0.11006175675720442
21871 0.10932505531673087
21901 0.1085932849891833
21931 0.10786641279992182
21961 0.10714440594165353
21991 0.10642723186174408
22021 0.1057148582112859
22051 0.1050072528378223
22081 0.10430438385810703
22111 0.10360621954896487
22141 0.10291272841277532
22171 0.10222387918474851
22201 0.10153964078926947
22231 0.10085998236900195
22261 0.10018487324850867
22291 0.09951428298518294
22321 0.09884818135469686
22351 0.0981865382855176
22381 0.09752932394621894
22411 0.0968765086872736
22441 0.09622806306288112
22471 0.09558395781641593
22501 0.09494416392408311
22531 0.0943086525076069
22561 0.09367739489971427
22591 0.09305036263685906
22621 0.09242752743011806
22651 0.09180886117974296
22681 0.09119433600426419
22711 0.09058392416045535
22741 0.08997759813064476
22771 0.08937533056450775
22801 0.08877709428634262
22831 0.08818286231689854
22861 0.08759260785882361
22891 0.08700630428211298
22921 0.08642392515321262
22951 0.08584544418408768
22981 0.08527083530498203
23011 0.08470007257710677
23041 0.08413313027995173
23071 0.08356998280942207
23101 0.0830106047942536
23131 0.08245497098687338
23161 0.0819030563288834
23191 0.08135483592923265
23221 0.08081028505694121
23251 0.08026937914837617
23281 0.07973209381452762
23311 0.07919840481190477
23341 0.07866828807163984
23371 0.0781417196849361
23401 0.07761867588851601
23431 0.07709913312282879
23461 0.07658306791563518
23491 0.07607045699842274
23521 0.07556127727002604
23551 0.07505550574569497
23581 0.07455311961530242
23611 0.07405409622879233
23641 0.07355841305979993
23671 0.07306604775658343
23701 0.0725769781274721
23731 0.07209118208265863
23761 0.07160863773606252
23791 0.07112932331801858
23821 0.07065321720438078
23851 0.07018029791652225
23881 0.06971054412861122
23911 0.06924393466033507
23941 0.06878044844052056
23971 0.06832006458716933
24001 0.06786276230559452
24031 0.06740852101938799
24061 0.06695732018852141
24091 0.06650913949124515
24121 0.06606395871494897
24151 0.06562175774888601
24181 0.0651825166787603
24211 0.06474621567758732
24241 0.06431283507845365
24271 0.06388235530175734
24301 0.06345475697889924
24331 0.06303002078493591
24361 0.06260812757682288
24391 0.06218905832065502
24421 0.06177279412077041
24451 0.061359316190646496
24481 0.06094860589655582
24511 0.060540644692082424
24541 0.06013541418360546
24571 0.05973289611574728
24601 0.0593330723058898
24631 0.058935924724210054
24661 0.05854143545002444
24691 0.058149586722720414
24721 0.05776036083261715
24751 0.0573737402446568
24781 0.056989707503817044
24811 0.05660824530059472
24841 0.05622933642735006
24871 0.055852963792858645
24901 0.05547911041503539
24931 0.055107759435486514
24961 0.05473889411223354
24991 0.05437249778333353
25021 0.05400855394691462
25051 0.05364704618114047
25081 0.05328795817331411
25111 0.05293127373442985
25141 0.05257697677006945
25171 0.052225051302229986
25201 0.05187548146932386
25231 0.051528251482523046
25261 0.05118334568396676
25291 0.05084074851765763
25321 0.05050044454401359
25351 0.050162418410764076
25381 0.04982665486750193
25411 0.04949313875113148
25441 0.04916185504407622
25471 0.048832788786967285
25501 0.04850592515140306
25531 0.04818124937446555
25561 0.047858746838755906
25591 0.04753840297780698
25621 0.047220203348842915
25651 0.046904133589123376
25681 0.04659017946687527
25711 0.04627832678670529
25741 0.045968561513291206
25771 0.045660869662242476
25801 0.045355237351031974
25831 0.04505165079899598
25861 0.04475009631278226
25891 0.04445056029362604
25921 0.044153029230074026
25951 0.043857489683432505
25981 0.04356392835325096
26011 0.043272331975458656
26041 0.0429826874169521
26071 0.042694981588283554
26101 0.042409201530972496
26131 0.042125334359297995
26161 0.04184336726029869
26191 0.04156328750104876
26221 0.04128508247958962
26251 0.041008739615790546
26281 0.04073424647503998
26311 0.04046159065910615
26341 0.04019075986434473
26371 0.03992174188897479
26401 0.03965452458942309
26431 0.03938909592397977
26461 0.039125443901866674
26491 0.038863556655996945
26521 0.03860342234838754
26551 0.03834502925747074
26581 0.038088365727162454
26611 0.03783342019596603
26641 0.037580181131488644
26671 0.03732863713958068
26701 0.03707877685519634
26731 0.03683058902970515
26761 0.036584062450856436
26791 0.036339186000986956
26821 0.03609594864974497
26851 0.03585433940315852
26881 0.03561434737639502
26911 0.03537596174282953
26941 0.03513917175587267
26971 0.034903966734418646
27001 0.03467033604829339
27031 0.03443826918373816
27061 0.03420775566337397
27091 0.03397878509713337
27121 0.03375134714588057
27151 0.03352543155779131
27181 0.033301028146524914
27211 0.03307812678394839
27241 0.03285671740741236
27271 0.03263679005613085
27301 0.032418334783869796
27331 0.03220134174625855
27361 0.03198580116441008
27391 0.031771703317645006
27421 0.03155903853621567
27451 0.03134779721585801
27481 0.031137969868723303
27511 0.030929546992410906
27541 0.030722519200935494
27571 0.03051687715924345
27601 0.030312611590488814
27631 0.03010971327603329
27661 0.0299081730627222
27691 0.029707981870160438
27721 0.02950913066160865
27751 0.029311610473087057
27781 0.02911541238427162
27811 0.0289205275621498
27841 0.028726947195536923
27871 0.028534662575111724
27901 0.028343665013380814
27931 0.028153945895610377
27961 0.02796549666527426
27991 0.02777830883860588
28021 0.02759237394639058
28051 0.0274076836212771
28081 0.027224229525018018
28111 0.027042003377573565
28141 0.026860996971663553
28171 0.026681202136387583
28201 0.02650261076632887
28231 0.026325214792450424
28261 0.026149006240302697
28291 0.025973977128160186
28321 0.02580011959071271
28351 0.02562742576265009
28381 0.025455887873249594
28411 0.02528549817361636
28441 0.02511624898761511
28471 0.024948132675490342
28501 0.024781141641142312
28531 0.02461526837578276
28561 0.024450505392451305
28591 0.024286845247843303
28621 0.024124280564137734
28651 0.02396280402172124
28681 0.023802408322808333
28711 0.0236430862423731
28741 0.023484830577217508
28771 0.02332763420417905
28801 0.023171490043750964
28831 0.023016391016426496
28861 0.022862330159114208
28891 0.022709300508722663
28921 0.022557295167644043
28951 0.022406307281926274
28981 0.02225633004854899
29011 0.022107356671767775
29041 0.021959380464977585
29071 0.02181239474157337
29101 0.021666392858605832
29131 0.021521368245885242
29161 0.02137731437687762
29191 0.02123422471777303
29221 0.021092092836624943
29251 0.020950912323314697
29281 0.02081067681137938
29311 0.020671379963459913
29341 0.020533015500404872
29371 0.02039557719399454
29401 0.0202590588160092
29431 0.0201234542473685
29461 0.019988757339888252
29491 0.019854962032695767
29521 0.01972206229402218
29551 0.019590052106650546
29581 0.019458925555227324
29611 0.019328676688019186
29641 0.019199299647880252
29671 0.01907078859221656
29701 0.018943137736641802
29731 0.018816341311321594
29761 0.018690393611905165
29791 0.018565288941317704
29821 0.0184410216534161
29851 0.01831758616026491
29881 0.01819497688120464
29911 0.018073188301059417
29941 0.01795221491192933
29971 0.01783205125684617
30001 0.017712691929773428
30031 0.017594131524674594
30061 0.017476364715548698
30091 0.017359386169118807
30121 0.01724319063941948
30151 0.01712777285138145
30181 0.017013127624522895
30211 0.01689924977836199
30241 0.016786134183348622
30271 0.016673775724484585
30301 0.016562169330427423
30331 0.01645130998804234
30361 0.016341192691470496
30391 0.016231812463956885
30421 0.016123164365126286
30451 0.01601524351281114
30481 0.015908045032119844
30511 0.015801564091816545
30541 0.015695795882493258
30571 0.015590735631121788
30601 0.01548637860105373
30631 0.01538272009929642
30661 0.015279755425581243
30691 0.015177479952399153
30721 0.015075889066793025
30751 0.01497497818490956
30781 0.014874742744723335
30811 0.014775178235140629
30841 0.014676280174171552
30871 0.014578044079826213
30901 0.014480465535598341
30931 0.014383540132257622
30961 0.014287263504229486
30991 0.014191631307767238
31021 0.014096639220952056
31051 0.014002282980072778
31081 0.013908558299590368
31111 0.013815460974001326
31141 0.013722986805078108
31171 0.013631131601869129
31201 0.01353989123890642
31231 0.013449261605273932
31261 0.013359238590055611
31291 0.013269818155094981
31321 0.013180996262235567
31351 0.013092768887872808
31381 0.013005132073885761
31411 0.012918081862153485
31441 0.012831614323658869
31471 0.012745725551212672
31501 0.012660411681281403
31531 0.012575668857607525
31561 0.012491493267589249
31591 0.012407881105900742
31621 0.012324828610871918
31651 0.012242332028108649
31681 0.012160387632320635
31711 0.012078991734597366
31741 0.011998140660580248
31771 0.01191783077956643
31801 0.011838058446301147
31831 0.011758820059185382
31861 0.011680112074827775
31891 0.011601930913457181
31921 0.011524273075337987
31951 0.011447135024354793
31981 0.011370513297151774
32011 0.011294404459476937
32041 0.011218805040698498
32071 0.011143711650220212
32101 0.011069120904721785
32131 0.010995029442710802
32161 0.010921433902694844
32191 0.010848330974113196
32221 0.010775717368233018
32251 0.010703589810873382
32281 0.01063194503512932
32311 0.010560779803199694
32341 0.010490090928215068
32371 0.010419875208754092
32401 0.01035012949432712
32431 0.010280850605340675
32461 0.010212035442236811
32491 0.010143680898181628
32521 0.010075783888169099
32551 0.010008341341745108
32581 0.00994135023211129
32611 0.009874807532469276
32641 0.009808710223296657
32671 0.009743055350554641
32701 0.009677839938376565
32731 0.00961306104727555
32761 0.009548715745040681
32791 0.009484801150392741
32821 0.009421314374776557
32851 0.009358252544188872
32881 0.009295612813730258
32911 0.00923339236760512
32941 0.009171588404569775
32971 0.009110198123380542
33001 0.009049218744621612
33031 0.008988647554360796
33061 0.008928481780458242
33091 0.008868718752637506
33121 0.008809355727862567
33151 0.008750390057684854
33181 0.00869181907910388
33211 0.008633640143671073
33241 0.008575850632041693
33271 0.008518447924870998
33301 0.008461429461021908
33331 0.008404792650253512
33361 0.00834853493142873
33391 0.008292653772514313
33421 0.008237146670580842
33451 0.00818201110814698
33481 0.00812724458228331
33511 0.008072844640992116
33541 0.008018808824999724
33571 0.007965134711412247
33601 0.007911819862783886
33631 0.007858861863496713
33661 0.007806258356140461
33691 0.0077540069542010315
33721 0.007702105285716243
33751 0.007650551036931574
33781 0.007599341857712716
33811 0.0075484754488570616
33841 0.007497949511162005
33871 0.007447761774528772
33901 0.0073979099834105
33931 0.0073483918531564996
33961 0.007299205186427571
33991 0.007250347749504726
34021 0.007201817352324724
34051 0.00715361178299645
34081 0.007105728880560491
34111 0.007058166491333395
34141 0.00701092245435575
34171 0.006963994645047933
34201 0.006917380960658193
34231 0.006871079269330949
34261 0.006825087511970196
34291 0.006779403593100142
34321 0.0067340254681766964
34351 0.006688951078103855
34381 0.006644178392889444
34411 0.0065997054043691605
34441 0.006555530089826789
34471 0.006511650470201857
34501 0.00646806455188198
34531 0.006424770377634559
34561 0.006381765997502953
34591 0.006339049476082437
34621 0.006296618870692328
34651 0.0062544722750317305
34681 0.006212607797351666
34711 0.006171023524075281
34741 0.006129717607109342
34771 0.006088688169256784
34801 0.006047933362424374
34831 0.006007451345794834
34861 0.00596724030765472
34891 0.005927298421738669
34921 0.005887623876333237
34951 0.005848214910656679
34981 0.0058090697129955515
35011 0.005770186537120026
35041 0.005731563636800274
35071 0.0056931992585305125
35101 0.00565509166335687
35131 0.005617239155981224
35161 0.005579640004725661
35191 0.005542292528843973
35221 0.005505195033038035
35251 0.005468345865665469
35281 0.005431743338704109
35311 0.0053953858150634915
35341 0.005359271643101238
35371 0.005323399207554758
35401 0.005287766885885503
35431 0.005252373070106842
35461 0.0052172161667840555
35491 0.005182294589758385
35521 0.0051476067455951124
35551 0.005113151106343139
35581 0.005078926078567747
35611 0.005044930148869753
35641 0.005011161760194227
35671 0.0049776194064179435
35701 0.004944301581417676
35731 0.004911206764518283
35761 0.004878333456872497
35791 0.004845680196012836
35821 0.004813245497643948
35851 0.004781027906574309
35881 0.004749025960336439
35911 0.004717238218290731
35941 0.0046856632543494925
35971 0.0046542996424250305
36001 0.004623145956429653
36031 0.004592200799379498
36061 0.004561462774290703
36091 0.004530930498731323
36121 0.0045006025829934515
36151 0.004470477673748974
36181 0.004440554403117858
36211 0.004410831432323903
36241 0.0043813074080389924
36271 0.004351981006038841
36301 0.004322850894823205
36331 0.004293915771995671
36361 0.004265174327883869
36391 0.004236625267367344
36421 0.004208267295325641
36451 0.004180099138466176
36481 0.004152119530772325
36511 0.004124327198951505
36541 0.004096720891539007
36571 0.004069299386173952
36601 0.004042061416839715
36631 0.004015005761175416
36661 0.003988131211372092
36691 0.003961436545068864
36721 0.003934920561732724
36751 0.003908582060830668
36781 0.0038824198563816026
36811 0.0038564327696803957
36841 0.0038306196220219135
36871 0.003804979263804853
36901 0.0037795105308759958
36931 0.003754212273634039
36961 0.003729083349753637
36991 0.003704122624185402
37021 0.0036793289764318615
37051 0.0036547012787195854
37081 0.0036302384396549314
37111 0.0036059393314644694
37141 0.00358180288458243
37171 0.003557827978511341
37201 0.0035340135582373478
37231 0.003510358539642766
37261 0.0034868618531618267
37291 0.003463522451056633
37321 0.003440339263761416
37351 0.0034173112580901943
37381 0.0033944373863050714
37411 0.003371716637047939
37441 0.0033491479480289854
37471 0.0033267303369939327
37501 0.003304462763480842
37531 0.003282344259787351
37561 0.003260373792727478
37591 0.0032385503873229027
37621 0.00321687305404339
37651 0.0031953408324625343
37681 0.0031739527330501005
37711 0.0031527077881037258
37741 0.0031316050444729626
37771 0.003110643563559279
37801 0.0030898223776603118
37831 0.003069140570005402
37861 0.0030485971947200596
37891 0.00302819132048171
37921 0.0030079220450716093
37951 0.002987788429891225
37981 0.0029677895799977705
38011 0.0029479246004484594
38041 0.00292819258174859
38071 0.0029085926507832482
38101 0.0028891239053336903
38131 0.0028697854722850025
38161 0.002850576478522271
38191 0.002831496065482497
38221 0.0028125433673267253
38251 0.0027937175254919566
38281 0.0027750177032430656
38311 0.0027564430492930114
38341 0.0027379927196307108
38371 0.0027196658847969957
38401 0.0027014617226086557
38431 0.0026833794108824804
38461 0.0026654181492631324
38491 0.0026475770864635706
38521 0.0026298554585082456
38551 0.002612252443213947
38581 0.0025947672547772527
38611 0.0025773991146706976
38641 0.002560147229814902
38671 0.0025430108071304858
38701 0.0025259890826418996
38731 0.0025090813142014667
38761 0.0024922867087298073
38791 0.002475604516803287
38821 0.0024590339889982715
38851 0.0024425743758911267
38881 0.002426224935334176
38911 0.0024099849251797423
38941 0.00239385363238398
38971 0.0023778303002472967
39001 0.002361914230277762
39031 0.002346104694879614
39061 0.0023304009664570913
39091 0.0023148023610701784
39121 0.0022993081802269444
39151 0.00228391768905567
39181 0.002268630218168255
39211 0.0022534450836246833
39241 0.0022383615869330242
39271 0.0022233790514292195
39301 0.002208496800449211
39331 0.0021937141646048985
39361 0.002179030474508181
39391 0.002164445075322874
39421 0.0021499573049368337
39451 0.00213556649396196
39481 0.002121272023941856
39511 0.002107073232764378
39541 0.002092969480145257
39571 0.002078960125800222
39601 0.002065044558548834
39631 0.00205122211627895
39661 0.0020374922096380033
39691 0.002023854205617681
39721 0.0020103074712096713
39751 0.0019968514243373647
39781 0.001983485446544364
39811 0.00197020892665023
39841 0.0019570212753023952
39871 0.0019439218958723359
39901 0.0019309102062834427
39931 0.0019179856026312336
39961 0.0019051475101150572
39991 0.001892395353934262
40021 0.001879728544736281
40051 0.0018671465368242934
40081 0.0018546487408457324
40111 0.0018422345965518616
40141 0.0018299035436939448
40171 0.001817655036575161
40201 0.001805488507670816
40231 0.0017934034258360043
40261 0.0017813992308219895
40291 0.001769475384207908
40321 0.0017576313548488542
40351 0.001745866597048007
40381 0.001734180586936418
40411 0.0017225728079210967
40441 0.001711042714305222
40471 0.0016995898040477186
40501 0.0016882135460036807
40531 0.0016769134381320328
40561 0.0016656889711157419
40591 0.0016545396429137327
40621 0.001643464929657057
40651 0.001632464351132512
40681 0.0016215374125749804
40711 0.0016106836046674289
40741 0.001599902447196655
40771 0.0015891934599494562
40801 0.0015785561481607147
40831 0.0015679900388931856
40861 0.0015574946446577087
40891 0.001547069514344912
40921 0.0015367141604656354
40951 0.001526428124634549
40981 0.001516210933914408
41011 0.0015060621371958405
41041 0.0014959812688175589
41071 0.0014859678776701912
41101 0.0014760215053684078
41131 0.0014661417153547518
41161 0.001456328056519851
41191 0.0014465800777543336
41221 0.0014368973643286154
41251 0.0014272794433054514
41281 0.0014177258999552578
41311 0.001408236326824408
41341 0.0013988102582516149
41371 0.0013894472722313367
41401 0.001380146961309947
41431 0.0013709089180338196
41461 0.00136173269856954
41491 0.0013526179100153968
41521 0.0013435641158139333
41551 0.0013345709376153536
41581 0.0013256379461381584
41611 0.0013167647484806366
41641 0.001307950951741077
41671 0.0012991961411898956
41701 0.0012904999384772964
41731 0.001281861936149653
41761 0.0012732817558571696
41791 0.0012647590192500502
41821 0.0012562933115987107
41851 0.0012478842836571857
41881 0.0012395315352478065
41911 0.0012312346952967346
41941 0.0012229933854541741
41971 0.0012148072419222444
42001 0.0012066759081790224
42031 0.0011985989840468392
42061 0.0011905761202797294
42091 0.001182606974907685
42121 0.0011746911623049527
42151 0.0011668283405015245
42181 0.001159018138423562
42211 0.0011512602213770151
42241 0.0011435542182880454
42271 0.0011358998162904754
42301 0.0011282966370345093
42331 0.0011207443458260968
42361 0.0011132426152471453
42391 0.0011057910887757316
42421 0.0010983894535456784
42451 0.0010910373530350626
42481 0.0010837344598257914
42511 0.00107648045377573
42541 0.001069275000190828
42571 0.0010621177789289504
42601 0.0010550084698479623
42631 0.0010479467309778556
42661 0.001040932271280326
42691 0.0010339647633372806
42721 0.0010270438942825422
42751 0.0010201693512499332
42781 0.0010133408140973188
42811 0.0010065579845104367
42841 0.0009998205641750246
