episode steps
0 7555.996000000001
1 7029.482999999998
2 6461.075
3 5909.287
4 5375.581
5 4893.74
6 4474.82
7 4147.378000000001
8 3823.721
9 3498.029
10 3279.214
11 3077.373
12 2961.497
13 2851.5090000000005
14 2734.4290000000005
15 2553.886
16 2475.598
17 2318.478
18 2245.74
19 2206.2799999999997
20 2134.332
21 2036.69
22 1935.6979999999999
23 1825.4969999999998
24 1749.821
25 1725.054
26 1658.9059999999997
27 1622.594
28 1544.788
29 1486.6039999999998
30 1465.822
31 1438.655
32 1401.8529999999998
33 1374.8539999999998
34 1358.3159999999998
35 1304.617
36 1281.972
37 1267.78
38 1264.2
39 1255.4050000000002
40 1235.4379999999999
41 1227.029
42 1188.5040000000001
43 1169.8029999999999
44 1142.3880000000001
45 1143.4070000000002
46 1122.613
47 1102.796
48 1094.022
49 1087.935
50 1083.566
51 1063.7949999999998
52 1070.5049999999999
53 1055.83
54 1050.9119999999998
55 1046.883
56 1030.741
57 1012.85
58 983.6539999999999
59 968.3389999999999
60 956.5379999999999
61 950.0609999999999
62 920.8610000000001
63 918.174
64 903.109
65 897.9780000000001
66 897.6809999999999
67 887.9440000000001
68 875.9860000000001
69 865.45
70 838.1720000000001
71 820.6200000000001
72 808.5580000000001
73 782.8330000000001
74 777.946
75 769.4669999999999
76 762.17
77 759.413
78 768.7050000000002
79 769.7890000000001
80 770.2660000000001
81 764.385
82 779.7529999999999
83 793.329
84 784.486
85 775.6940000000001
86 772.753
87 766.2120000000001
88 765.914
89 754.0909999999999
90 760.53
91 759.081
92 750.648
93 745.135
94 740.868
95 745.4280000000001
96 743.6580000000001
97 753.0080000000002
98 742.6930000000001
99 747.1470000000002
100 740.5470000000001
101 741.0959999999999
102 735.068
103 733.437
104 732.792
105 719.4200000000001
106 718.454
107 704.578
108 701.0710000000001
109 694.246
110 684.185
111 681.9399999999999
112 680.3069999999998
113 686.946
114 688.987
115 684.3460000000001
116 681.248
117 676.239
118 678.445
119 692.059
120 690.435
121 677.63
122 680.1969999999999
123 665.325
124 659.4269999999999
125 667.028
126 660.259
127 658.3679999999999
128 641.442
129 620.829
130 614.408
131 619.6709999999999
132 619.8129999999999
133 613.5619999999999
134 616.8509999999999
135 604.365
136 605.8190000000001
137 607.413
138 622.061
139 619.8040000000001
140 619.113
141 625.4839999999999
142 620.4709999999999
143 622.1850000000002
144 617.3549999999999
145 625.93
146 621.236
147 625.897
148 619.165
149 625.788
150 637.7079999999999
151 638.2769999999999
152 637.6
153 636.105
154 641.249
155 639.596
156 639.696
157 635.9
158 633.127
159 629.787
160 625.0400000000002
161 619.135
162 606.736
163 613.3620000000001
164 604.0889999999999
165 603.58
166 601.8480000000001
167 594.3000000000001
168 585.433
169 581.1089999999999
170 570.7
171 569.4739999999999
172 563.313
173 546.1629999999999
174 539.8399999999999
175 539.49
176 538.884
177 541.992
178 551.177
179 555.946
180 557.046
181 549.061
182 565.7429999999999
183 572.1980000000001
184 570.327
185 565.0629999999999
186 563.6270000000001
187 562.975
188 567.3550000000001
189 562.369
190 567.514
191 568.9280000000001
192 560.484
193 563.03
194 569.3519999999999
195 565.7789999999999
196 570.5269999999999
197 574.1009999999999
198 573.384
199 576.6120000000001
200 577.089
201 579.2389999999999
202 582.5719999999999
203 578.5609999999999
204 576.515
205 579.1070000000001
206 575.164
207 570.2700000000001
208 559.4730000000001
209 556.0350000000001
210 551.134
211 550.998
212 549.88
213 553.0690000000001
214 551.719
215 553.8369999999999
216 556.9279999999999
217 554.8
218 558.039
219 572.5730000000001
220 570.7400000000001
221 567.83
222 572.858
223 567.885
224 565.476
225 563.0809999999999
226 558.327
227 555.2760000000001
228 549.287
229 525.3860000000001
230 523.561
231 519.9309999999999
232 517.425
233 517.97
234 521.3190000000001
235 513.815
236 508.8160000000001
237 513.8610000000001
238 520.4889999999999
239 524.1969999999999
240 522.439
241 532.512
242 528.3549999999999
243 523.758
244 523.697
245 526.9300000000001
246 529.2769999999999
247 524.7829999999999
248 524.296
249 530.672
250 538.561
251 536.096
252 539.572
253 544.254
254 550.865
255 552.612
256 553.932
257 551.225
258 543.1550000000001
259 544.0989999999999
260 541.137
261 540.96
262 532.1690000000001
263 535.4730000000001
264 527.109
265 532.774
266 533.01
267 536.686
268 532.4730000000001
269 527.965
270 520.8129999999999
271 517.531
272 513.7489999999999
273 501.674
274 494.71999999999997
275 488.15600000000006
276 487.7950000000001
277 488.023
278 497.54200000000003
279 498.934
280 503.459
281 496.342
282 507.088
283 515.1850000000001
284 519.8700000000001
285 521.1160000000001
286 520.59
287 515.008
288 517.0350000000001
289 513.417
290 514.4009999999998
291 521.2909999999999
292 517.3480000000001
293 519.753
294 520.738
295 521.226
296 521.991
297 525.4660000000001
298 527.9780000000001
299 533.644
300 532.1569999999999
301 530.542
302 530.9870000000001
303 530.259
304 529.4799999999999
305 528.5699999999999
306 529.132
307 525.751
308 519.7349999999999
309 514.053
310 512.5139999999999
311 510.76300000000003
312 512.538
313 515.76
314 518.304
315 514.7520000000001
316 517.506
317 520.42
318 522.543
319 532.52
320 526.575
321 525.799
322 529.098
323 520.698
324 514.759
325 516.7589999999999
326 514.487
327 509.94300000000004
328 502.40899999999993
329 485.919
330 489.93999999999994
331 489.96999999999997
332 490.96999999999997
333 489.77599999999995
334 493.919
335 488.783
336 486.695
337 493.53900000000004
338 499.312
339 506.075
340 507.15600000000006
341 515.32
342 507.3370000000001
343 505.59000000000003
344 507.549
345 511.1540000000001
346 511.3929999999999
347 506.92299999999994
348 507.715
349 511.58899999999994
350 518.0780000000001
351 513.1650000000001
352 520.9060000000001
353 522.137
354 526.236
355 530.0620000000001
356 531.089
357 533.528
358 531.06
359 528.87
360 527.75
361 529.721
362 516.8520000000001
363 522.1870000000001
364 516.5
365 514.9150000000001
366 511.2660000000001
367 509.16900000000004
368 501.242
369 498.90299999999996
370 488.20500000000004
371 484.17699999999996
372 481.4169999999999
373 471.526
374 466.33599999999996
375 466.15299999999996
376 465.02699999999993
377 466.546
378 476.875
379 481.25700000000006
380 485.39400000000006
381 484.07399999999996
382 497.76899999999995
383 506.12999999999994
384 505.28100000000006
385 502.9249999999999
386 502.044
387 502.773
388 504.29400000000004
389 500.679
390 502.715
391 502.7420000000001
392 499.71400000000006
393 498.5959999999999
394 505.922
395 509.4210000000001
396 516.383
397 516.578
398 516.333
399 523.0279999999999
400 523.2659999999998
401 523.05
402 522.6339999999999
403 525.194
404 518.9559999999999
405 520.421
406 518.702
407 518.0519999999999
408 517.926
409 510.3250000000001
410 511.879
411 513.76
412 513.6200000000001
413 517.4689999999999
414 515.406
415 511.582
416 514.385
417 513.015
418 512.6700000000001
419 523.0699999999999
420 518.15
421 515.87
422 518.024
423 508.03999999999996
424 513.223
425 513.7270000000001
426 510.988
427 508.941
428 496.9820000000001
429 482.3759999999999
430 481.8259999999999
431 484.024
432 489.2
433 493.9290000000001
434 494.9079999999999
435 491.76399999999995
436 491.404
437 497.129
438 506.39400000000006
439 511.11199999999997
440 510.77299999999997
441 514.345
442 507.61199999999997
443 503.744
444 505.7790000000001
445 509.313
446 511.299
447 508.387
448 510.3040000000001
449 515.4660000000001
450 524.1699999999998
451 522.321
452 523.1409999999998
453 527.9129999999999
454 531.83
455 531.3520000000001
456 528.9660000000001
457 532.926
458 531.623
459 529.76
460 531.51
461 530.328
462 524.9509999999999
463 524.218
464 520.1869999999999
465 523.866
466 521.8590000000002
467 517.2230000000001
468 513.731
469 507.01099999999997
470 501.12
471 501.08299999999997
472 494.71399999999994
473 488.35900000000004
474 483.90600000000006
475 477.076
476 481.253
477 479.0690000000001
478 485.0690000000001
479 493.633
480 492.29800000000006
481 490.54299999999995
482 502.828
483 508.61100000000005
484 510.338
485 517.486
486 513.3340000000001
487 513.618
488 516.1489999999999
489 509.467
