episode steps
0 6753.3279999999995
1 6255.612
2 5724.302999999999
3 5296.151
4 4815.192999999999
5 4293.0019999999995
6 3879.267999999999
7 3427.532
8 3072.1510000000003
9 2719.4350000000004
10 2430.715
11 2216.821
12 1981.7069999999999
13 1813.148
14 1655.554
15 1595.7069999999999
16 1482.123
17 1426.9050000000002
18 1353.2030000000002
19 1282.258
20 1222.8419999999999
21 1163.1889999999999
22 1147.931
23 1105.379
24 1063.4599999999998
25 1011.966
26 979.2769999999998
27 955.5319999999999
28 928.551
29 913.3429999999998
30 873.6790000000001
31 843.9290000000001
32 805.417
33 785.356
34 775.5199999999999
35 769.924
36 760.6080000000001
37 736.6810000000002
38 720.46
39 710.773
40 704.219
41 701.851
42 701.9549999999999
43 688.366
44 686.3189999999998
45 675.333
46 668.635
47 665.667
48 663.8
49 642.57
50 638.048
51 627.9419999999999
52 612.135
53 606.845
54 589.0930000000001
55 588.7810000000001
56 578.8509999999999
57 574.897
58 570.732
59 574.087
60 568.669
61 560.586
62 562.5040000000001
63 552.8300000000002
64 548.24
65 538.476
66 533.267
67 526.1500000000001
68 508.088
69 503.84399999999994
70 500.3860000000001
71 497.485
72 501.271
73 502.9030000000001
74 496.4440000000001
75 502.04400000000004
76 491.98199999999997
77 486.62399999999997
78 490.158
79 484.8570000000001
80 483.76900000000006
81 481.954
82 470.535
83 473.07700000000006
84 472.879
85 462.6530000000001
86 462.692
87 467.821
88 465.337
89 461.60599999999994
90 454.0829999999999
91 448.34399999999994
92 445.88499999999993
93 435.587
94 431.512
95 426.389
96 425.78599999999994
97 419.68999999999994
98 421.74799999999993
99 423.5330000000001
100 425.38599999999997
101 422.03099999999995
102 422.9579999999999
103 424.61499999999995
104 421.975
105 420.308
106 417.503
107 412.40299999999996
108 403.674
109 398.248
110 395.11000000000007
111 397.996
112 392.89000000000004
113 390.649
114 388.77
115 387.767
116 385.059
117 384.544
118 383.237
119 381.266
120 383.227
121 384.87600000000003
122 384.73400000000004
123 380.44800000000004
124 380.712
125 381.871
126 379.081
127 383.913
128 387.906
129 386.52699999999993
130 379.871
131 373.791
132 372.918
133 373.45500000000004
134 374.366
135 370.563
136 373.939
137 365.374
138 363.847
139 360.463
140 360.29100000000005
141 356.841
142 356.791
143 354.53100000000006
144 351.44899999999996
145 351.43
146 347.04800000000006
147 352.023
148 350.33900000000006
149 351.09299999999996
150 352.573
151 357.945
152 356.468
153 354.035
154 349.98400000000004
155 351.947
156 348.71799999999996
157 342.048
158 345.226
159 342.756
160 341.38800000000003
161 334.225
162 331.202
163 329.88500000000005
164 332.372
165 328.832
166 330.498
167 331.20300000000003
168 323.65200000000004
169 325.95200000000006
170 324.814
171 325.21200000000005
172 324.088
173 327.619
174 324.484
175 322.23400000000004
176 321.049
177 323.14500000000004
178 324.276
179 321.679
180 323.223
181 321.04699999999997
182 321.153
183 320.652
184 320.90999999999997
185 318.88599999999997
186 317.355
187 315.573
188 317.54200000000003
189 318.362
190 312.65700000000004
191 317.32300000000004
192 317.72700000000003
193 316.427
194 320.399
195 321.268
196 327.45899999999995
197 325.533
198 326.35599999999994
199 328.77900000000005
200 330.08000000000004
201 327.307
202 327.678
203 327.93300000000005
204 323.54100000000005
205 323.107
206 317.839
207 318.206
208 313.1720000000001
209 307.952
210 309.265
211 307.366
212 304.746
213 300.421
214 300.726
215 300.916
216 302.44
217 299.164
218 300.24699999999996
219 299.291
220 301.54100000000005
221 299.339
222 296.96500000000003
223 297.296
224 294.30400000000003
225 296.63500000000005
226 292.372
227 296.044
228 297.69800000000004
229 300.45599999999996
230 298.57
231 301.98199999999997
232 303.4219999999999
233 303.554
234 304.30100000000004
235 301.62399999999997
236 303.34
237 301.22300000000007
238 300.48
239 300.332
240 296.739
241 292.80499999999995
242 295.351
243 294.008
244 293.28200000000004
245 290.524
246 287.07399999999996
247 289.211
248 291.902
249 289.765
250 291.46
251 296.49699999999996
252 296.457
253 298.559
254 301.075
255 306.844
256 307.45099999999996
257 301.83599999999996
258 294.284
259 293.097
260 294.18500000000006
261 291.25
262 287.2900000000001
263 287.898
264 289.03099999999995
265 285.96
266 287.03900000000004
267 289.601
268 291.742
269 293.14700000000005
270 292.10699999999997
271 291.711
272 289.27500000000003
273 287.604
274 286.2200000000001
275 284.362
276 283.16700000000003
277 281.982
278 278.20799999999997
279 274.604
280 273.9
281 272.96500000000003
282 277.84600000000006
283 281.605
284 280.293
285 280.73400000000004
286 280.82800000000003
287 283.08500000000004
288 289.63700000000006
289 291.994
290 288.978
291 286.709
292 283.877
293 278.573
294 281.632
295 284.18199999999996
296 284.244
297 281.072
298 282.286
299 283.236
300 286.53499999999997
301 288.17999999999995
302 288.156
303 289.158
304 286.859
305 282.283
306 285.15999999999997
307 285.802
308 282.59000000000003
309 281.448
310 281.856
311 282.52
312 282.262
313 283.105
314 282.5400000000001
315 285.86300000000006
316 284.23300000000006
317 281.88
318 277.85699999999997
319 278.991
320 279.582
321 276.99899999999997
322 274.37
323 269.217
324 265.49800000000005
325 262.142
326 262.469
327 261.922
328 262.765
329 261.309
330 258.332
331 261.812
332 263.524
333 266.69399999999996
334 267.144
335 266.48699999999997
336 266.034
337 267.991
338 270.462
339 269.739
340 269.379
341 265.558
342 265.677
343 265.236
344 266.929
345 268.204
346 265.441
347 263.3539999999999
348 265.17699999999996
349 264.075
350 263.822
351 267.019
352 270.424
353 270.23
354 269.23100000000005
355 270.04400000000004
356 273.10600000000005
357 274.444
358 273.65199999999993
359 274.73199999999997
360 277.28799999999995
361 275.1940000000001
362 274.023
363 275.09499999999997
364 276.791
365 278.63100000000003
366 277.21200000000005
367 275.913
368 273.00100000000003
369 275.522
370 275.564
371 274.351
372 271.835
373 271.80100000000004
374 271.1170000000001
375 267.274
376 265.844
377 266.634
378 265.50200000000007
379 261.35400000000004
380 259.744
381 259.94000000000005
382 261.35900000000004
383 262.644
384 261.192
385 261.52
386 260.898
387 261.101
388 264.06
389 265.74
390 263.492
391 262.273
392 262.254
393 260.39700000000005
394 262.93500000000006
395 262.812
396 264.354
397 265.506
398 263.719
399 263.489
400 266.56499999999994
401 268.40700000000004
402 266.797
403 266.80100000000004
404 263.40299999999996
405 259.42199999999997
406 259.769
407 256.334
408 254.42000000000002
409 254.65099999999998
410 252.635
411 254.31200000000004
412 254.363
413 252.67999999999998
414 254.833
415 260.463
416 258.85100000000006
417 258.4
418 259.35699999999997
419 259.4309999999999
420 259.27900000000005
421 255.45400000000004
422 255.26700000000005
423 252.16200000000003
424 250.075
425 249.642
426 251.635
427 256.28200000000004
428 256.407
429 257.70799999999997
430 257.26000000000005
431 259.054
432 258.36100000000005
433 261.8570000000001
434 260.93800000000005
435 258.59
436 258.56399999999996
437 256.349
438 256.16999999999996
439 252.15300000000002
440 251.817
441 251.483
442 253.06799999999998
443 252.07899999999995
444 252.43400000000003
445 253.18100000000004
446 250.79000000000002
447 251.462
448 254.02200000000002
449 254.92200000000003
450 253.51700000000005
451 254.863
452 258.447
453 260.637
454 262.02200000000005
455 264.179
456 262.275
457 261.073
458 259.693
459 259.843
460 261.115
461 258.632
462 254.23499999999999
463 254.03000000000003
464 254.748
465 252.926
466 254.04899999999998
467 253.22899999999998
468 249.58599999999996
469 248.51399999999998
470 248.94299999999998
471 248.44300000000004
472 247.12599999999998
473 244.16
474 241.81900000000002
475 241.211
476 240.56299999999996
477 240.39500000000004
478 241.14900000000003
479 241.029
480 241.40500000000003
481 239.74
482 240.593
483 244.81
484 243.36800000000002
485 242.20100000000002
486 242.55200000000005
487 245.76299999999998
488 247.067
489 248.123
