episode steps
0 2322.2110000000002
1 1593.9679999999998
2 1328.177
3 1109.484
4 975.7109999999999
5 881.448
6 803.9010000000001
7 739.142
8 699.034
9 656.486
10 631.3129999999999
11 605.1640000000001
12 578.9010000000001
13 545.0150000000001
14 515.414
15 506.7449999999999
16 492.2389999999999
17 476.13800000000003
18 468.117
19 452.8860000000001
20 439.42299999999994
21 425.596
22 413.76000000000005
23 410.541
24 405.23699999999997
25 401.012
26 394.142
27 386.78200000000004
28 380.01
29 368.181
30 363.60900000000004
31 353.918
32 353.57599999999996
33 348.758
34 344.79600000000005
35 334.52900000000005
36 329.32
37 322.9249999999999
38 316.387
39 318.77799999999996
40 313.37
41 318.296
42 315.597
43 315.477
44 315.13
45 313.16299999999995
46 314.8349999999999
47 310.90999999999997
48 308.24799999999993
49 305.28700000000003
50 307.65200000000004
51 300.011
52 299.348
53 293.938
54 294.83
55 288.148
56 282.514
57 287.153
58 287.309
59 284.68600000000004
60 279.122
61 277.27900000000005
62 277.08500000000004
63 275.873
64 270.975
65 274.224
66 272.804
67 275.206
68 276.916
69 271.246
70 269.58500000000004
71 271.70500000000004
72 266.66999999999996
73 268.374
74 268.40000000000003
75 270.22200000000004
76 271.173
77 264.226
78 259.15299999999996
79 264.613
80 263.874
81 263.62600000000003
82 261.15200000000004
83 257.573
84 257.45099999999996
85 253.27500000000003
86 250.583
87 247.302
88 244.85
89 241.696
90 239.77799999999996
91 237.29699999999997
92 236.108
93 238.881
94 237.529
95 239.382
96 240.04899999999998
97 242.21999999999997
98 243.26499999999996
99 249.31900000000002
100 250.55399999999995
101 251.67699999999996
102 253.70599999999996
103 249.007
104 245.25199999999995
105 241.50300000000001
106 239.94899999999998
107 237.11499999999995
108 235.358
109 226.51499999999996
110 225.28599999999997
111 226.869
112 225.77100000000002
113 224.26800000000003
114 223.51800000000003
115 225.45300000000003
116 224.496
117 224.121
118 228.01100000000002
119 229.56900000000002
120 229.63299999999998
121 224.796
122 222.36699999999996
123 223.36999999999998
124 223.55699999999996
125 223.67399999999998
126 224.86800000000002
127 224.533
128 222.86100000000002
129 220.705
130 223.106
131 220.50899999999996
132 223.88199999999998
133 227.86599999999999
134 228.87699999999995
135 228.50699999999998
136 226.82199999999997
137 229.26799999999997
138 226.82200000000003
139 230.917
140 227.4
141 233.44899999999998
142 233.78900000000004
143 231.68699999999998
144 233.154
145 232.219
146 235.16800000000003
147 231.342
148 233.17600000000002
149 228.969
150 232.967
151 229.03299999999996
152 229.45899999999992
153 226.50799999999998
154 225.70499999999998
155 222.414
156 218.64499999999998
157 223.375
158 222.36599999999999
159 224.33799999999997
160 222.24099999999993
161 222.00099999999998
162 219.75799999999998
163 222.69899999999998
164 221.698
165 224.44599999999997
166 225.51099999999997
167 228.22899999999998
168 228.935
169 224.921
170 223.72000000000003
171 225.17200000000003
172 223.554
173 222.82900000000004
174 223.032
175 222.388
176 221.59300000000002
177 215.87000000000003
178 214.59900000000002
179 218.948
180 217.99200000000002
181 217.77399999999997
182 217.84699999999998
183 216.48000000000002
184 216.372
185 218.14000000000001
186 218.22599999999997
187 215.891
188 214.43699999999998
189 212.38599999999997
190 210.792
191 210.85100000000003
192 209.74300000000002
193 211.42399999999998
194 212.006
195 212.52100000000002
196 212.83399999999997
197 216.0
198 217.09900000000002
199 222.776
200 225.58
201 226.40700000000007
202 228.60800000000003
203 226.53199999999998
204 223.05599999999998
205 219.47000000000003
206 220.38900000000004
207 219.51500000000001
208 217.661
209 211.00300000000001
210 211.669
211 212.32500000000005
212 211.87600000000003
213 210.205
214 210.79000000000002
215 212.85299999999998
216 211.60500000000002
217 210.377
218 213.17199999999997
219 213.70499999999998
220 212.84100000000004
221 210.648
222 208.468
223 209.157
224 209.157
225 208.98499999999999
226 208.936
227 208.137
228 207.208
229 207.19299999999998
230 207.54899999999998
231 203.58099999999996
232 205.30899999999997
233 207.26399999999998
234 208.60699999999997
235 208.94099999999997
236 207.333
237 208.77800000000002
238 205.99900000000002
239 208.22799999999998
240 205.84499999999997
241 211.66799999999998
242 212.55899999999997
243 212.815
244 215.637
245 213.475
246 217.494
247 216.32200000000003
248 220.603
249 217.86700000000002
250 220.27799999999996
251 216.727
252 218.72199999999998
253 215.95999999999998
254 215.93
255 213.60600000000005
256 210.89700000000002
257 214.85399999999998
258 213.55599999999998
259 215.714
260 214.894
261 215.629
262 213.67799999999997
263 216.01799999999997
264 214.337
265 217.108
266 216.561
267 219.26999999999998
268 219.23700000000002
269 215.1
270 213.79700000000003
271 215.887
272 215.238
273 214.619
274 214.25100000000003
275 215.065
276 217.446
277 211.93100000000004
278 211.86599999999999
279 216.908
280 217.79299999999998
281 216.24099999999999
282 215.60200000000003
283 214.45600000000005
284 214.80000000000004
285 214.71400000000003
286 212.032
287 212.19500000000002
288 209.908
289 208.06599999999997
290 207.08499999999998
291 206.859
292 205.333
293 209.142
294 209.36499999999995
295 210.65099999999998
296 212.004
297 212.18500000000003
298 213.88900000000004
299 220.789
300 223.59499999999997
301 226.301
302 229.666
303 225.82599999999996
304 223.296
305 219.72600000000003
306 220.09100000000004
307 219.752
308 218.385
309 208.91499999999996
310 208.62400000000002
311 207.888
312 207.81
313 206.756
314 207.252
315 210.64299999999997
316 209.18399999999997
317 207.79699999999997
318 209.84499999999997
319 213.102
320 211.02099999999996
321 208.525
322 203.69
323 205.465
324 204.21900000000002
325 203.438
326 203.646
327 203.682
328 202.183
329 200.15
330 203.342
331 201.20800000000003
332 205.18800000000002
333 206.04399999999995
334 208.08499999999998
335 207.51399999999998
336 207.079
337 209.16500000000002
338 209.59799999999996
339 212.35100000000003
340 209.48000000000002
341 213.35700000000003
342 213.209
343 213.66
344 216.205
345 216.163
346 219.574
347 216.67199999999997
348 218.63299999999998
349 214.631
350 216.125
351 213.615
352 215.2
353 212.192
354 212.147
355 209.465
356 205.63999999999996
357 209.964
358 209.13899999999998
359 211.9
360 210.11399999999998
361 211.148
362 210.23599999999996
363 213.11399999999998
364 210.337
365 212.75799999999998
366 214.06799999999998
367 216.575
368 216.423
369 212.25899999999996
370 211.767
371 212.50899999999996
372 212.53699999999998
373 213.625
374 214.961
375 216.78400000000002
376 217.16000000000003
377 212.75900000000001
378 211.642
379 216.471
380 218.88000000000002
381 218.97899999999998
382 215.79800000000006
383 212.61800000000002
384 213.04900000000004
385 211.865
386 209.497
387 208.69300000000004
388 207.754
389 206.907
390 203.771
391 203.82999999999998
392 204.825
393 206.71599999999998
394 206.721
395 206.28199999999998
396 208.05699999999996
397 208.939
398 210.10299999999998
399 216.39700000000002
400 218.30599999999998
401 220.086
402 221.28399999999996
403 220.48000000000002
404 217.07
405 214.79700000000003
406 215.64900000000003
407 215.21599999999998
408 213.577
409 205.477
410 206.546
411 207.144
412 206.55
413 204.83399999999997
414 204.10899999999998
415 207.17699999999996
416 207.651
417 206.843
418 211.373
419 212.333
420 210.837
421 208.21999999999997
422 204.877
423 206.75100000000003
424 208.64499999999998
425 209.54299999999998
426 207.53100000000003
427 207.73900000000003
428 204.791
429 204.149
430 204.696
431 201.757
432 206.06
433 206.68799999999996
434 207.44799999999995
435 205.18699999999998
436 205.004
437 206.30899999999997
438 205.97799999999998
439 208.81599999999997
440 207.32399999999998
441 211.43800000000002
442 212.371
443 211.83100000000005
444 214.373
445 215.208
446 219.248
447 217.419
448 217.90500000000003
449 215.39000000000001
450 218.13599999999997
451 217.03599999999997
452 217.834
453 215.715
454 216.88000000000002
455 214.39100000000002
456 210.456
457 214.329
458 215.34399999999997
459 218.12399999999997
460 219.10200000000003
461 217.333
462 216.78500000000003
463 219.369
464 216.333
465 217.97000000000003
466 220.43400000000003
467 223.30300000000003
468 223.68800000000002
469 220.76399999999998
470 219.161
471 221.65699999999998
472 220.055
473 219.981
474 221.54100000000003
475 223.65400000000005
476 223.83499999999998
477 218.73599999999996
478 216.782
479 220.852
480 221.59199999999996
481 221.37299999999996
482 219.85500000000002
483 219.314
484 218.166
485 216.484
486 213.81
487 213.77599999999998
488 213.80999999999995
489 211.94999999999996
