episode reward
0 -413.40636363636366
1 -388.9981818181819
2 -195.10363636363633
3 -180.28636363636366
4 -168.5909090909091
5 -163.03454545454545
6 -155.3309090909091
7 -149.0890909090909
8 -143.45636363636365
9 -138.71272727272728
10 -131.69545454545457
11 -129.17363636363638
12 -125.71454545454544
13 -123.10454545454543
14 -120.48999999999998
15 -116.7590909090909
16 -110.89545454545456
17 -106.05727272727272
18 -105.26272727272726
19 -102.94727272727273
20 -101.91818181818182
21 -96.9
22 -93.81636363636363
23 -91.60000000000001
24 -89.64363636363636
25 -88.92999999999999
26 -88.22
27 -87.87363636363636
28 -84.20727272727274
29 -83.23272727272727
30 -81.97272727272727
31 -82.65818181818182
32 -82.42818181818183
33 -80.63545454545455
34 -81.24272727272727
35 -80.22545454545454
36 -79.81636363636362
37 -78.54909090909089
38 -80.19636363636363
39 -77.51181818181817
40 -77.2981818181818
41 -75.19090909090909
42 -73.94
43 -73.26363636363637
44 -71.16363636363636
45 -69.84636363636363
46 -68.61363636363636
47 -67.51909090909092
48 -63.94181818181819
49 -63.478181818181824
50 -61.87909090909092
51 -60.82181818181819
52 -60.31090909090911
53 -60.36181818181818
54 -60.025454545454544
55 -59.64454545454546
56 -59.45545454545455
57 -60.6809090909091
58 -61.14545454545455
59 -61.18727272727274
60 -61.12454545454547
61 -61.1790909090909
62 -60.05363636363636
63 -59.15
64 -59.61818181818181
65 -59.50181818181818
66 -59.746363636363625
67 -58.380909090909086
68 -58.028181818181814
69 -58.92545454545454
70 -58.233636363636364
71 -56.985454545454544
72 -57.0709090909091
73 -58.29636363636364
74 -57.52272727272727
75 -56.25090909090909
76 -55.11090909090909
77 -54.738181818181815
78 -54.839090909090906
79 -52.85181818181818
80 -52.79363636363637
81 -53.68818181818182
82 -53.56999999999999
83 -52.00363636363636
84 -50.93090909090909
85 -50.8190909090909
86 -51.032727272727264
87 -51.16090909090909
88 -50.83454545454545
89 -51.73272727272727
90 -51.883636363636356
91 -50.913636363636364
92 -50.482727272727274
93 -49.65181818181818
94 -49.94727272727273
95 -50.20272727272727
96 -50.16727272727273
97 -49.513636363636365
98 -47.988181818181815
99 -47.49454545454545
100 -48.39181818181818
101 -49.48090909090909
102 -49.89181818181818
103 -51.153636363636366
104 -49.96636363636363
105 -50.9990909090909
106 -50.96
107 -51.89181818181818
108 -52.07181818181817
109 -53.19545454545454
110 -51.72636363636362
111 -51.00727272727272
112 -50.88545454545454
113 -50.4690909090909
114 -50.35636363636363
115 -49.59818181818182
116 -49.62636363636363
117 -49.35454545454545
118 -50.0
119 -48.28272727272727
120 -48.778181818181814
121 -49.06
122 -49.59727272727273
123 -48.93272727272727
124 -49.67727272727272
125 -49.15909090909091
126 -49.35545454545454
127 -47.959999999999994
128 -47.596363636363634
129 -48.24818181818181
130 -49.40454545454545
131 -48.90545454545454
132 -46.86636363636363
133 -47.4690909090909
134 -48.51727272727272
135 -49.157272727272726
136 -48.94636363636364
137 -49.582727272727276
138 -50.63
139 -50.7109090909091
140 -48.75363636363636
141 -48.42818181818181
142 -50.57636363636364
143 -50.761818181818185
144 -50.151818181818186
145 -49.49636363636364
146 -50.34727272727274
147 -49.63000000000001
148 -48.1109090909091
149 -46.34909090909092
150 -47.16636363636364
151 -48.07181818181819
152 -46.1809090909091
153 -47.11909090909091
154 -47.0
155 -47.07909090909091
156 -45.34272727272727
157 -45.588181818181816
158 -47.50727272727273
159 -48.11545454545454
160 -48.015454545454546
161 -48.06818181818183
162 -48.657272727272726
163 -48.06818181818182
164 -47.967272727272736
165 -48.221818181818186
166 -48.738181818181815
167 -48.809090909090905
168 -49.71363636363636
169 -51.116363636363644
170 -50.82727272727273
171 -50.981818181818184
172 -51.724545454545456
173 -50.75181818181817
174 -50.27545454545454
175 -49.81727272727272
176 -48.35090909090909
177 -49.31090909090909
178 -48.660909090909094
179 -47.733636363636364
180 -48.43909090909091
181 -48.267272727272726
182 -48.15545454545454
183 -47.81727272727272
184 -48.197272727272725
185 -49.41
186 -49.48181818181818
187 -49.09818181818182
188 -48.4
189 -48.77272727272728
190 -47.29636363636364
191 -46.27454545454545
192 -46.029999999999994
193 -47.62090909090909
194 -48.25090909090909
195 -47.10454545454545
196 -49.022727272727266
197 -49.170909090909085
198 -47.76454545454545
199 -47.66818181818182
200 -49.31181818181818
201 -49.07727272727273
202 -49.049090909090914
203 -48.10454545454546
204 -47.439090909090915
205 -48.77181818181818
206 -47.10363636363636
207 -46.57363636363637
208 -46.987272727272725
209 -47.06090909090908
210 -47.46818181818181
211 -48.284545454545444
212 -48.29636363636363
213 -47.92272727272727
214 -47.89090909090908
215 -47.29090909090909
216 -48.67909090909091
217 -49.09181818181819
218 -49.40727272727273
219 -50.235454545454544
220 -49.5309090909091
221 -49.216363636363646
222 -50.38272727272727
223 -50.50090909090909
224 -50.78181818181818
225 -49.95090909090909
226 -49.88545454545455
227 -50.57181818181818
228 -50.20181818181818
229 -49.78545454545454
230 -49.82181818181817
231 -51.286363636363625
232 -50.64545454545454
233 -50.067272727272716
234 -49.97909090909091
235 -50.26363636363636
236 -50.04272727272727
237 -48.93363636363636
238 -48.981818181818184
239 -48.8
240 -47.79454545454546
241 -47.58090909090909
242 -47.517272727272726
243 -47.4290909090909
244 -47.07909090909091
245 -47.031818181818174
246 -46.78636363636364
247 -47.978181818181824
248 -48.05636363636364
249 -47.130909090909086
250 -48.408181818181816
251 -47.42
252 -47.555454545454545
253 -48.07727272727273
254 -48.43
255 -49.16363636363637
256 -49.30909090909091
257 -48.160909090909094
258 -48.38727272727273
259 -48.60727272727273
260 -48.847272727272724
261 -48.768181818181816
262 -48.98272727272727
263 -48.598181818181814
264 -47.97272727272726
265 -47.930909090909076
266 -48.39090909090909
267 -48.520909090909086
268 -48.477272727272734
269 -49.908181818181816
270 -49.42090909090909
271 -49.07909090909091
272 -48.15454545454545
273 -48.518181818181816
274 -49.78818181818181
275 -49.234545454545454
276 -48.53
277 -49.085454545454546
278 -48.88363636363637
279 -47.660000000000004
280 -49.17727272727272
281 -50.499090909090896
282 -51.40818181818181
283 -51.02727272727272
284 -48.62181818181818
285 -49.48
286 -49.21727272727273
287 -49.3
288 -50.35454545454546
289 -49.90727272727273
290 -49.155454545454546
291 -47.96272727272727
292 -46.35272727272727
293 -47.53727272727273
294 -48.86272727272727
295 -48.17181818181818
296 -49.56636363636364
297 -48.87272727272728
298 -47.96909090909091
299 -48.84545454545455
300 -49.14272727272727
301 -49.92181818181818
302 -51.31818181818181
303 -50.912727272727274
304 -52.3209090909091
305 -53.632727272727266
306 -52.97636363636364
307 -52.60181818181818
308 -53.275454545454544
309 -51.992727272727265
310 -51.72909090909091
311 -52.13545454545455
312 -50.38090909090909
313 -49.9290909090909
314 -48.726363636363644
315 -47.910000000000004
316 -49.511818181818185
317 -50.07454545454546
318 -50.44727272727273
319 -51.71545454545454
320 -51.24727272727273
321 -51.15909090909091
322 -53.68181818181817
323 -54.80545454545455
324 -55.504545454545465
325 -54.05272727272728
326 -51.830909090909095
327 -51.471818181818186
328 -51.39818181818182
329 -51.002727272727256
330 -49.824545454545444
331 -48.29454545454545
332 -47.61545454545454
333 -47.345454545454544
334 -47.35909090909091
335 -49.884545454545446
336 -50.86181818181818
337 -51.32636363636364
338 -49.69545454545455
339 -49.78727272727273
340 -50.56545454545454
341 -51.18454545454545
342 -49.80636363636363
343 -48.747272727272716
344 -47.42818181818181
345 -45.522727272727266
346 -44.761818181818185
347 -44.730000000000004
348 -45.71545454545455
349 -45.64090909090909
350 -46.53272727272727
351 -48.013636363636365
352 -48.19727272727272
353 -47.09454545454545
354 -48.38818181818182
355 -49.79
356 -50.15727272727273
357 -50.25272727272728
358 -49.587272727272726
359 -50.07272727272728
360 -49.48090909090909
361 -49.00272727272727
362 -48.46272727272727
363 -50.00818181818182
364 -49.13
365 -48.25727272727273
366 -47.88545454545454
367 -47.529090909090904
368 -48.421818181818175
369 -48.8890909090909
370 -49.269090909090906
371 -48.989090909090905
372 -49.343636363636364
373 -48.95545454545454
374 -49.56454545454546
375 -49.21727272727273
376 -49.723636363636366
377 -50.942727272727275
378 -51.54636363636364
379 -51.375454545454545
380 -50.84818181818182
381 -50.471818181818186
382 -52.92454545454545
383 -53.55454545454546
384 -52.81090909090909
385 -53.114545454545464
386 -53.35636363636364
387 -52.68727272727273
388 -52.93363636363637
389 -52.2990909090909
390 -52.529090909090904
391 -52.118181818181824
392 -50.89181818181818
393 -50.50545454545454
394 -51.50454545454545
395 -53.28000000000001
396 -53.19090909090909
397 -54.72454545454546
398 -54.588181818181816
399 -54.81
400 -53.70545454545454
401 -54.470909090909096
402 -53.90454545454545
403 -53.990909090909085
404 -53.379999999999995
405 -49.73727272727273
406 -49.010909090909095
407 -47.02818181818182
408 -45.37090909090909
409 -45.95727272727272
410 -46.71363636363636
411 -46.93181818181817
412 -45.973636363636366
413 -46.47636363636364
414 -45.95545454545455
415 -48.59454545454546
416 -49.13636363636364
417 -49.53636363636364
418 -50.95090909090909
419 -51.054545454545455
420 -50.59909090909092
421 -49.10636363636364
422 -51.223636363636366
423 -51.47727272727273
424 -52.127272727272725
425 -52.07454545454546
426 -52.215454545454556
427 -53.03727272727273
428 -52.70454545454546
429 -51.68909090909092
430 -51.94090909090909
431 -53.19
432 -53.56363636363635
433 -52.246363636363625
434 -53.31
435 -52.33090909090909
436 -52.69909090909091
437 -52.65727272727273
438 -52.90727272727273
439 -52.667272727272724
440 -52.64636363636363
441 -51.40454545454546
442 -50.76545454545455
443 -51.59636363636364
444 -51.54909090909092
445 -51.67363636363636
446 -50.61000000000001
447 -51.62818181818183
448 -50.9609090909091
449 -50.94818181818182
450 -50.97363636363637
451 -51.080000000000005
452 -50.189090909090915
453 -49.690909090909095
454 -48.015454545454546
455 -49.02454545454545
456 -49.415454545454544
457 -47.309090909090905
458 -47.00272727272728
459 -46.99090909090909
460 -46.724545454545456
461 -47.59181818181818
462 -48.85
463 -49.273636363636356
464 -49.31999999999999
465 -49.15363636363637
466 -48.93000000000001
467 -49.13181818181818
468 -50.08727272727273
469 -51.83
470 -51.60181818181818
471 -50.65454545454546
472 -49.786363636363646
473 -49.91545454545455
474 -50.24818181818182
475 -50.514545454545456
476 -50.67909090909091
477 -52.02181818181818
478 -50.833636363636366
479 -50.36363636363636
480 -51.81181818181818
481 -53.33636363636363
482 -52.90090909090908
483 -51.59909090909091
484 -52.59363636363637
485 -50.34090909090909
486 -49.63818181818182
487 -47.89090909090909
488 -48.916363636363634
489 -47.70545454545454
490 -47.745454545454535
491 -46.68181818181818
492 -47.94727272727273
493 -49.369090909090914
494 -48.12545454545455
495 -49.24636363636364
496 -49.835454545454546
497 -49.34
498 -48.95454545454545
499 -49.03454545454545
500 -47.804545454545455
501 -47.91909090909091
502 -47.125454545454545
503 -47.46545454545454
504 -46.55363636363636
505 -47.00545454545454
506 -45.279090909090904
507 -46.347272727272724
508 -45.80272727272727
509 -46.18818181818182
510 -45.93
511 -46.27818181818183
512 -45.32454545454546
513 -43.833636363636366
514 -46.25363636363637
515 -46.410909090909094
516 -48.62181818181817
517 -49.07909090909091
518 -49.713636363636354
519 -50.64818181818182
520 -50.845454545454544
521 -50.274545454545446
522 -50.14181818181818
523 -50.958181818181814
524 -49.54636363636364
525 -49.35454545454545
526 -48.94636363636364
527 -48.39090909090909
528 -47.68636363636364
529 -45.634545454545446
530 -47.382727272727266
531 -48.07909090909091
532 -49.14090909090909
533 -48.85545454545455
534 -49.28
535 -48.05
536 -47.50454545454545
537 -48.05181818181818
538 -48.89181818181818
539 -50.692727272727275
540 -48.28363636363637
541 -49.06454545454546
542 -48.92636363636364
543 -48.17272727272727
544 -47.85272727272728
545 -48.78454545454545
546 -49.68909090909091
547 -49.45636363636363
548 -48.20636363636363
549 -46.92272727272727
550 -47.308181818181815
551 -46.022727272727266
552 -45.88999999999999
553 -48.42999999999999
554 -49.90272727272727
555 -50.45636363636363
556 -49.502727272727284
557 -49.507272727272735
558 -50.62636363636364
559 -50.93181818181819
560 -52.21454545454545
561 -53.162727272727274
562 -52.26181818181819
563 -50.265454545454546
564 -48.291818181818186
565 -47.58272727272727
566 -48.509090909090915
567 -48.16909090909091
568 -48.18727272727273
569 -47.659090909090914
570 -47.61000000000001
571 -45.79636363636364
572 -46.869090909090914
573 -47.469090909090916
574 -48.020909090909086
575 -48.44818181818182
576 -47.20090909090909
577 -47.983636363636364
578 -48.06636363636363
579 -49.61363636363636
580 -48.918181818181814
581 -50.171818181818175
582 -51.0690909090909
583 -51.30818181818181
584 -51.57272727272726
585 -50.595454545454544
586 -51.45454545454545
587 -50.28545454545455
588 -48.80636363636363
589 -47.49181818181818
590 -47.94727272727273
591 -47.92181818181818
592 -47.022727272727266
593 -47.744545454545445
594 -47.20909090909091
595 -48.32
596 -49.04454545454546
597 -49.25272727272728
598 -49.839999999999996
599 -50.36
600 -50.412727272727274
601 -49.95727272727272
602 -49.86818181818181
603 -49.71636363636364
604 -50.0890909090909
605 -49.80272727272727
606 -49.59272727272727
607 -49.5990909090909
608 -49.43818181818181
609 -49.36636363636364
610 -49.13363636363637
611 -48.64
612 -48.45727272727273
613 -48.58272727272727
614 -47.223636363636366
615 -47.198181818181816
616 -46.66272727272727
617 -47.13818181818182
618 -47.04090909090908
619 -47.1390909090909
620 -47.61727272727272
621 -48.5690909090909
622 -48.479090909090914
623 -48.013636363636365
624 -49.17909090909091
625 -48.519090909090906
626 -49.74727272727272
627 -49.15636363636363
628 -50.09090909090909
629 -50.92
630 -49.42818181818182
631 -50.442727272727275
632 -51.86363636363636
633 -51.867272727272734
634 -52.05272727272727
635 -52.63272727272728
636 -52.59909090909091
637 -53.34636363636363
638 -53.625454545454545
639 -52.94909090909091
640 -55.021818181818176
641 -54.78818181818182
642 -54.05727272727272
643 -54.21363636363636
644 -54.627272727272725
645 -54.090909090909086
646 -52.074545454545444
647 -51.59636363636364
648 -50.52727272727272
649 -50.60636363636363
650 -50.62272727272727
651 -50.43090909090909
652 -50.808181818181815
653 -50.42818181818182
654 -49.081818181818186
655 -49.60454545454546
656 -51.42636363636363
657 -51.370000000000005
658 -51.81636363636363
659 -50.79363636363637
660 -50.11727272727273
661 -49.10909090909091
662 -48.53272727272727
663 -48.67636363636363
664 -48.64636363636363
665 -49.32000000000001
666 -48.17818181818182
667 -48.84727272727273
668 -48.85090909090909
669 -49.73090909090909
670 -49.22636363636364
671 -50.47545454545454
672 -51.499999999999986
673 -50.96636363636363
674 -52.412727272727274
675 -50.666363636363634
676 -51.3190909090909
677 -50.66181818181818
678 -51.739999999999995
679 -51.93909090909091
680 -51.42272727272727
681 -50.8
682 -49.99636363636363
683 -49.61181818181818
684 -48.11363636363637
685 -48.737272727272725
686 -49.34
687 -48.82727272727273
688 -48.67909090909091
689 -48.16727272727273
690 -48.88181818181818
691 -48.36272727272727
692 -48.027272727272724
693 -49.513636363636365
694 -50.0709090909091
695 -49.92090909090909
696 -49.008181818181825
697 -49.094545454545454
698 -47.63727272727272
699 -46.88909090909091
700 -45.94363636363637
701 -46.89181818181818
702 -48.487272727272725
703 -48.9690909090909
704 -49.22090909090909
705 -49.414545454545454
706 -49.89909090909091
707 -51.59636363636363
708 -51.67818181818181
709 -52.420909090909085
710 -53.017272727272726
711 -53.70272727272727
712 -51.85818181818182
713 -50.84636363636365
714 -50.801818181818184
715 -51.10727272727273
716 -49.25363636363636
717 -48.47909090909091
718 -49.88909090909091
719 -51.00545454545455
720 -52.03636363636364
721 -50.81545454545454
722 -49.871818181818185
723 -50.31
724 -49.20545454545454
725 -48.61727272727273
726 -51.03090909090909
727 -51.09
728 -49.790909090909096
729 -48.978181818181824
730 -49.41363636363637
731 -47.86818181818181
732 -49.07454545454545
733 -47.693636363636365
734 -50.589090909090906
735 -51.18545454545455
736 -50.07727272727273
737 -50.45181818181818
738 -48.95818181818182
739 -48.59181818181819
740 -46.5609090909091
741 -48.91636363636364
742 -48.71363636363636
743 -48.17181818181818
744 -46.82909090909091
745 -46.586363636363636
746 -46.30090909090909
747 -45.43909090909092
748 -46.828181818181825
749 -47.81636363636365
750 -47.99636363636364
751 -47.28454545454546
752 -47.75636363636364
753 -49.88636363636364
754 -50.09909090909091
755 -50.24363636363636
756 -50.49272727272728
757 -49.92
758 -50.35181818181819
759 -50.20727272727273
760 -51.189090909090915
761 -51.02454545454546
762 -50.67181818181818
763 -49.85909090909091
764 -49.304545454545455
765 -48.99818181818182
766 -48.732727272727274
767 -49.786363636363646
768 -50.32454545454546
769 -51.621818181818185
770 -50.48090909090909
771 -50.30090909090909
772 -50.984545454545454
773 -50.72181818181818
774 -50.45272727272727
775 -51.635454545454536
776 -52.6309090909091
777 -53.242727272727265
778 -53.09909090909091
779 -51.80636363636364
780 -51.783636363636354
781 -52.05636363636363
782 -51.14727272727272
783 -51.22727272727273
784 -51.77272727272727
785 -51.1790909090909
786 -50.70272727272727
787 -49.66727272727273
788 -48.14454545454545
789 -47.60000000000001
